[4, 21, 33, 62, 129]
[29, 32, 36, 75, 89, 98, 101, 132]
[3, 7, 8, 11, 12, 13, 15, 17, 18, 20, 21, 22, 23, 25, 26, 27, 30, 31, 32, 33, 34, 37, 38, 40, 43, 46, 47, 49, 50, 52, 54, 59, 61, 62, 63, 70, 71, 74, 78, 80, 81, 82, 85, 86, 91, 95, 97, 98, 99, 102, 105, 107, 109, 112, 114, 115, 118, 119, 121, 122, 126, 127, 129, 130, 131]
[1, 3, 5, 6, 11, 12, 16, 19, 21, 22, 24, 31, 35, 38, 39, 44, 45, 48, 49, 50, 52, 53, 55, 57, 58, 61, 68, 72, 75, 81, 82, 88, 89, 92, 93, 94, 95, 97, 98, 101, 102, 105, 116, 120, 122, 127, 132]
[4, 8, 10, 11, 12, 14, 21, 22, 23, 25, 26, 35, 41, 42, 47, 48, 59, 60, 61, 62, 64, 66, 67, 68, 70, 72, 73, 78, 80, 81, 83, 86, 87, 88, 92, 96, 104, 107, 113, 115, 123, 125, 127, 131, 132]
[15, 42, 65, 81, 88]
[1, 5, 6, 7, 9, 12, 16, 17, 20, 26, 28, 30, 35, 42, 44, 45, 48, 49, 52, 54, 55, 58, 61, 62, 64, 67, 70, 72, 75, 79, 80, 82, 84, 85, 88, 89, 93, 94, 96, 97, 98, 100, 107, 110, 111, 112, 115, 116, 118, 120, 121, 124]
[1, 2, 5, 9, 10, 14, 15, 18, 19, 20, 22, 23, 25, 32, 33, 35, 38, 39, 41, 46, 48, 50, 57, 65, 66, 67, 69, 73, 75, 76, 77, 80, 81, 86, 87, 90, 92, 98, 104, 113, 116, 118, 123, 124, 125, 127, 132]
[1, 2, 3, 4, 6, 7, 8, 10, 12, 13, 15, 16, 17, 20, 22, 23, 27, 29, 31, 33, 34, 36, 40, 41, 42, 43, 44, 45, 46, 47, 49, 51, 52, 54, 55, 57, 58, 59, 60, 61, 62, 63, 64, 70, 74, 76, 77, 81, 82, 83, 84, 85, 86, 87, 88, 89, 92, 93, 94, 97, 98, 99, 100, 102, 103, 104, 105, 107, 108, 109, 110, 111, 112, 113, 116, 117, 119, 120, 121, 123, 124, 125, 126, 127, 128, 130, 131]
[2, 4, 6, 7, 9, 10, 11, 12, 13, 15, 16, 17, 18, 20, 24, 25, 26, 27, 28, 29, 30, 31, 32, 35, 36, 37, 40, 42, 44, 45, 46, 47, 48, 51, 52, 53, 54, 56, 57, 60, 62, 63, 64, 69, 71, 72, 73, 74, 75, 76, 77, 78, 79, 81, 82, 85, 86, 87, 88, 91, 92, 93, 95, 98, 102, 104, 107, 108, 109, 112, 114, 115, 116, 119, 120, 121, 123, 124, 126, 129, 130, 131, 132]
[6, 14, 35, 38, 46, 49, 84, 92, 122]
[2, 4, 9, 22, 23, 24, 25, 27, 30, 31, 33, 36, 37, 50, 58, 62, 67, 77, 82, 83, 87, 94, 102, 104, 106, 108, 110, 124]
[7, 13, 22, 26, 41, 76, 101, 113, 115, 120, 124, 125]
[1, 2, 5, 6, 10, 12, 13, 14, 16, 17, 19, 20, 21, 22, 23, 26, 27, 28, 29, 31, 32, 34, 35, 36, 37, 38, 39, 40, 42, 43, 45, 46, 47, 48, 52, 53, 56, 57, 58, 59, 61, 62, 63, 64, 65, 66, 67, 68, 72, 74, 75, 77, 78, 79, 80, 82, 84, 86, 87, 89, 91, 92, 94, 95, 96, 98, 99, 100, 101, 103, 104, 105, 106, 107, 108, 109, 111, 112, 113, 115, 119, 121, 122, 124, 126, 127, 128, 129, 131, 132]
[1, 5, 7, 11, 29, 33, 34, 35, 44, 49, 51, 55, 59, 64, 69, 71, 74, 78, 79, 81, 83, 85, 91, 95, 97, 99, 103, 106, 109, 114, 121, 122, 123, 126, 127, 128, 130]
[1, 2, 3, 5, 7, 8, 9, 11, 14, 15, 16, 19, 20, 22, 24, 25, 26, 27, 28, 29, 30, 31, 33, 34, 35, 36, 37, 38, 40, 43, 45, 46, 47, 48, 49, 51, 52, 53, 54, 55, 57, 58, 59, 61, 62, 63, 64, 65, 66, 68, 69, 70, 71, 72, 73, 74, 76, 77, 78, 79, 80, 81, 83, 84, 85, 86, 88, 89, 90, 91, 92, 94, 95, 100, 102, 104, 105, 106, 110, 112, 113, 114, 116, 118, 119, 120, 121, 123, 125, 126, 128, 129, 130, 131, 132]
[1, 2, 3, 4, 8, 9, 14, 17, 26, 30, 36, 38, 39, 42, 43, 45, 50, 55, 57, 66, 67, 69, 74, 76, 78, 81, 82, 83, 87, 88, 90, 91, 92, 93, 100, 103, 105, 113, 115, 117, 128, 130]
[1, 9, 12, 17, 21, 22, 25, 26, 28, 31, 33, 34, 37, 39, 42, 44, 45, 46, 49, 50, 52, 53, 61, 64, 66, 68, 69, 73, 76, 79, 80, 81, 86, 88, 90, 97, 98, 100, 101, 104, 106, 108, 110, 117, 118, 119, 122, 123, 128, 129, 131, 132]
[2, 3, 4, 6, 8, 9, 10, 12, 13, 16, 17, 18, 21, 22, 23, 24, 27, 28, 29, 30, 32, 34, 35, 36, 38, 40, 41, 42, 43, 44, 45, 46, 47, 48, 49, 51, 52, 54, 55, 56, 57, 58, 61, 64, 65, 66, 69, 70, 71, 72, 73, 74, 75, 79, 80, 81, 82, 83, 84, 85, 87, 88, 90, 91, 93, 97, 98, 99, 100, 101, 102, 103, 105, 106, 107, 110, 111, 113, 114, 115, 118, 120, 121, 122, 123, 124, 125, 126, 129, 130, 131, 132]
[1, 2, 3, 6, 17, 25, 26, 29, 31, 33, 34, 35, 37, 38, 43, 55, 59, 60, 62, 64, 70, 77, 81, 84, 89, 103, 106, 112, 114, 122, 125, 128, 129, 131]

- - - - - - - - - - - - - - - - - - - - - - - - - - -

[3, 8, 25, 61, 105, 111, 130]
[2, 3, 7, 8, 10, 11, 12, 13, 16, 18, 21, 22, 23, 25, 30, 32, 37, 38, 39, 40, 41, 44, 45, 46, 47, 49, 50, 51, 52, 53, 54, 56, 58, 60, 61, 62, 63, 65, 66, 67, 69, 70, 71, 72, 74, 75, 76, 78, 79, 80, 81, 82, 83, 84, 85, 86, 87, 88, 91, 94, 96, 97, 98, 101, 103, 104, 107, 108, 110, 111, 112, 114, 116, 117, 118, 122, 123, 124, 126, 127, 128, 132]
[3, 5, 9, 18, 20, 24, 25, 27, 28, 29, 30, 33, 35, 36, 38, 39, 43, 44, 46, 48, 55, 56, 57, 63, 65, 66, 69, 71, 72, 73, 74, 79, 83, 86, 87, 88, 93, 94, 95, 98, 99, 105, 106, 108, 110, 113, 114, 117, 118, 119, 125, 126, 127, 128, 130, 132]
[1, 2, 4, 5, 8, 9, 10, 11, 15, 23, 32, 34, 35, 36, 39, 40, 41, 45, 46, 49, 51, 58, 60, 64, 66, 76, 77, 78, 81, 83, 85, 87, 88, 89, 93, 99, 100, 104, 105, 106, 110, 115, 119, 122, 123, 130, 132]
[9, 18, 24, 38, 49, 65, 67, 69, 76, 79, 82, 83, 93, 98, 99, 113, 119, 121, 127, 130]
[1, 4, 5, 7, 9, 10, 12, 13, 18, 19, 20, 21, 22, 23, 24, 25, 26, 29, 30, 31, 35, 37, 38, 40, 41, 47, 52, 53, 57, 62, 64, 66, 68, 69, 70, 72, 76, 79, 82, 85, 87, 89, 92, 93, 94, 96, 97, 102, 104, 106, 107, 108, 110, 111, 112, 116, 117, 119, 120, 125, 126, 129, 132]
[6, 29, 43, 56, 63, 69, 76, 85, 86, 90, 98, 108, 112, 122, 131]
[13, 30, 34, 37, 40, 52, 76, 87, 121, 122]
[5, 11, 21, 26, 35, 40, 48, 56, 57, 60, 65, 67, 70, 72, 73, 85, 90, 92, 107, 121, 130, 131]
[9]
[1, 3, 4, 5, 6, 7, 9, 10, 12, 13, 15, 16, 17, 18, 20, 21, 23, 25, 26, 27, 28, 29, 32, 34, 35, 36, 37, 38, 39, 40, 41, 42, 43, 46, 47, 48, 49, 50, 51, 52, 53, 54, 56, 57, 58, 59, 61, 62, 63, 64, 66, 67, 68, 70, 75, 79, 80, 83, 84, 86, 87, 88, 89, 90, 91, 93, 95, 96, 98, 99, 101, 102, 103, 105, 106, 107, 109, 110, 112, 113, 115, 116, 117, 118, 119, 120, 121, 122, 123, 125, 127, 128, 129, 130, 131, 132]
[9, 24, 38, 122]
[2, 4, 7, 10, 11, 15, 20, 22, 26, 31, 32, 65, 76, 92, 93, 95, 99, 100, 103, 115, 122, 126]
[7, 14, 38, 52, 55, 78, 89, 105, 113, 121, 132]
[12, 13, 17, 22, 27, 34, 36, 44, 49, 56, 61, 72, 73, 81, 83, 98, 109, 118, 124, 126, 129]
[2, 26, 28, 33, 36, 41, 49, 61, 71, 78, 88, 107, 116, 119]
[2, 3, 6, 9, 13, 19, 22, 26, 31, 35, 38, 39, 45, 48, 50, 51, 52, 53, 61, 63, 69, 75, 77, 78, 81, 86, 87, 89, 95, 96, 98, 101, 102, 103, 110, 112, 113, 114, 118, 119, 125, 126, 130, 132]
[1, 2, 3, 6, 7, 8, 11, 14, 15, 23, 37, 48, 50, 51, 53, 56, 59, 62, 65, 70, 71, 75, 80, 83, 86, 87, 92, 96, 99, 103, 114, 115, 122, 126, 130, 131]
[1, 3, 4, 6, 7, 11, 12, 13, 15, 16, 18, 19, 20, 22, 23, 24, 25, 26, 27, 28, 31, 32, 34, 35, 36, 38, 39, 40, 44, 45, 46, 47, 48, 49, 50, 51, 52, 54, 55, 56, 57, 59, 61, 62, 63, 64, 65, 67, 69, 70, 71, 73, 74, 76, 77, 78, 79, 80, 81, 82, 83, 84, 85, 87, 88, 89, 90, 91, 92, 93, 95, 98, 99, 101, 102, 103, 107, 108, 109, 111, 113, 114, 118, 119, 121, 122, 123, 124, 125, 126, 127, 128, 129, 130]
[5, 9, 10, 11, 12, 14, 15, 16, 22, 25, 29, 30, 31, 32, 41, 44, 47, 48, 49, 56, 57, 59, 62, 67, 68, 72, 74, 78, 80, 85, 86, 87, 89, 92, 96, 99, 100, 101, 102, 105, 106, 107, 108, 110, 111, 112, 115, 121, 122, 127]

- - - - - - - - - - - - - - - - - - - - - - - - - - -
- - - - - - - - - - - - - - - - - - - - - - - - - - -

[5, 14, 19, 20, 24, 29, 34, 37, 40, 41, 58, 109, 124, 129]
[1, 3, 4, 5, 6, 7, 8, 9, 10, 11, 12, 13, 14, 15, 16, 17, 18, 19, 21, 22, 23, 24, 25, 26, 27, 28, 29, 30, 31, 32, 33, 34, 35, 37, 39, 40, 41, 42, 43, 44, 45, 46, 47, 49, 50, 53, 54, 56, 57, 58, 59, 60, 61, 62, 63, 64, 65, 68, 69, 70, 71, 72, 73, 76, 77, 79, 80, 81, 82, 83, 85, 87, 88, 89, 91, 92, 93, 94, 95, 96, 100, 101, 102, 103, 104, 106, 107, 110, 111, 112, 114, 115, 117, 119, 120, 121, 123, 124, 128, 130, 131, 132]
[1, 2, 3, 4, 5, 6, 7, 8, 9, 10, 11, 12, 13, 14, 15, 16, 17, 18, 20, 21, 22, 23, 24, 25, 26, 27, 28, 29, 30, 31, 32, 33, 34, 35, 36, 37, 38, 39, 40, 41, 42, 43, 44, 45, 46, 47, 48, 49, 50, 51, 52, 53, 54, 55, 56, 57, 58, 59, 60, 61, 62, 63, 64, 65, 66, 67, 68, 69, 70, 71, 72, 73, 74, 75, 76, 77, 78, 79, 80, 81, 82, 83, 84, 85, 86, 87, 88, 89, 90, 91, 92, 93, 94, 95, 96, 97, 98, 99, 100, 101, 102, 103, 104, 105, 106, 107, 108, 109, 110, 111, 112, 113, 114, 115, 116, 117, 118, 119, 120, 121, 122, 123, 124, 125, 126, 127, 128, 129, 130, 131, 132]
[11, 24, 31, 51, 56, 67, 70, 71, 74, 97, 101, 103, 119, 126, 129]
[8, 17, 39, 48, 87, 95, 108, 112, 120, 126]
[1, 2, 3, 8, 10, 13, 14, 17, 27, 48, 52, 55, 59, 60, 64, 67, 69, 72, 82, 83, 85, 87, 89, 91, 96, 97, 100, 103, 108, 110, 111, 116, 117, 118, 124, 125]
[2, 5, 6, 7, 8, 11, 14, 16, 23, 25, 26, 28, 29, 30, 32, 34, 36, 38, 39, 40, 41, 43, 44, 45, 46, 49, 51, 52, 53, 54, 55, 57, 61, 64, 65, 71, 73, 76, 78, 79, 85, 88, 91, 92, 93, 94, 95, 96, 97, 102, 103, 104, 105, 106, 107, 109, 114, 123, 125, 126, 130, 132]
[2, 3, 10, 15, 17, 22, 25, 28, 29, 30, 34, 38, 43, 46, 48, 51, 54, 56, 58, 59, 60, 62, 66, 68, 69, 70, 71, 77, 79, 83, 86, 93, 94, 97, 102, 104, 105, 107, 110, 113, 118, 119, 120, 123, 124, 125, 130]
[2, 5, 7, 9, 10, 12, 13, 16, 17, 20, 22, 26, 28, 29, 30, 32, 34, 39, 41, 44, 45, 46, 48, 52, 54, 55, 56, 60, 62, 64, 66, 67, 68, 69, 72, 73, 76, 80, 81, 84, 85, 88, 90, 93, 94, 95, 96, 99, 100, 102, 104, 110, 113, 114, 115, 118, 120, 124, 125, 127, 128, 130, 131]
[4, 5, 6, 7, 8, 11, 12, 13, 15, 16, 18, 19, 20, 22, 24, 25, 28, 30, 32, 34, 35, 37, 39, 41, 42, 44, 46, 47, 49, 51, 55, 56, 58, 59, 60, 62, 63, 71, 72, 73, 74, 75, 85, 90, 91, 93, 94, 96, 99, 100, 101, 102, 103, 105, 108, 111, 114, 116, 117, 120, 121, 122, 123, 127, 131]
[1, 2, 9, 11, 16, 20, 21, 23, 25, 27, 33, 34, 40, 41, 43, 45, 47, 50, 51, 53, 54, 62, 63, 64, 70, 71, 73, 75, 78, 82, 83, 84, 92, 97, 98, 99, 101, 103, 105, 108, 114, 117, 120, 121, 122, 127, 128, 129, 132]
[1, 3, 5, 6, 8, 9, 10, 11, 13, 16, 17, 19, 20, 22, 23, 24, 26, 28, 29, 30, 31, 37, 39, 40, 44, 45, 46, 49, 50, 51, 52, 55, 56, 57, 58, 60, 61, 63, 64, 66, 67, 68, 70, 71, 72, 73, 76, 78, 81, 82, 83, 85, 87, 93, 94, 95, 96, 99, 100, 103, 105, 106, 107, 108, 110, 111, 113, 115, 116, 117, 118, 119, 121, 126, 130, 131]
[2, 4, 8, 10, 12, 14, 15, 16, 20, 21, 23, 27, 30, 32, 33, 34, 37, 38, 40, 44, 46, 49, 51, 54, 55, 58, 60, 64, 67, 68, 69, 70, 73, 76, 77, 78, 79, 80, 84, 87, 88, 89, 92, 93, 94, 96, 98, 99, 101, 103, 104, 106, 108, 110, 111, 113, 118, 119, 122, 125, 126, 128, 130, 131]
[2, 7, 21, 26, 54, 64, 116]
[2, 6, 7, 8, 10, 13, 18, 21, 22, 23, 25, 26, 28, 29, 32, 34, 36, 39, 40, 43, 51, 58, 61, 66, 70, 73, 77, 85, 86, 88, 93, 101, 107, 108, 109, 110, 111, 114, 115, 117, 118, 119, 125]
[3, 4, 5, 7, 8, 10, 11, 12, 13, 14, 15, 16, 18, 19, 21, 22, 24, 26, 28, 30, 31, 33, 34, 35, 36, 37, 38, 39, 40, 41, 44, 46, 47, 49, 50, 51, 52, 53, 55, 56, 60, 61, 64, 65, 66, 67, 68, 69, 70, 72, 75, 76, 82, 84, 85, 88, 90, 91, 92, 93, 94, 95, 97, 98, 99, 101, 103, 104, 105, 110, 111, 112, 116, 120, 121, 122, 124, 125, 126, 127, 128, 130, 132]
[1, 2, 3, 4, 5, 6, 7, 9, 10, 12, 13, 14, 15, 16, 17, 18, 19, 20, 21, 23, 24, 25, 26, 27, 28, 29, 30, 31, 32, 33, 34, 36, 37, 38, 39, 40, 41, 42, 44, 45, 46, 47, 48, 49, 52, 53, 54, 55, 56, 57, 58, 59, 60, 61, 62, 63, 64, 65, 66, 67, 68, 69, 70, 71, 72, 73, 74, 75, 76, 78, 79, 80, 81, 82, 83, 84, 85, 86, 87, 88, 90, 91, 92, 93, 94, 95, 96, 97, 98, 99, 100, 101, 102, 103, 104, 105, 106, 107, 108, 109, 110, 111, 112, 114, 115, 116, 117, 118, 119, 120, 121, 122, 123, 124, 125, 126, 127, 128, 129, 130, 131, 132]
[13, 17, 21, 27, 46, 48, 75, 98, 115, 116, 123, 125]
[2, 3, 6, 8, 9, 10, 13, 16, 17, 18, 20, 21, 23, 24, 25, 28, 29, 30, 33, 34, 37, 38, 41, 42, 43, 46, 48, 49, 51, 53, 56, 59, 63, 66, 67, 68, 69, 71, 73, 75, 79, 80, 85, 86, 87, 91, 92, 93, 94, 95, 97, 99, 100, 102, 103, 105, 108, 109, 110, 111, 114, 117, 118, 125, 126, 127, 128, 130, 131]
[21, 81, 89, 96, 99, 115, 121]
[6, 10, 11, 12, 13, 20, 25, 27, 28, 36, 39, 50, 52, 54, 70, 72, 74, 75, 76, 82, 92, 94, 96, 102, 106, 109, 111, 113, 114, 117, 129, 132]
[1, 2, 4, 12, 13, 20, 21, 23, 25, 27, 31, 33, 34, 36, 42, 46, 49, 50, 53, 57, 60, 63, 65, 66, 69, 70, 77, 83, 85, 86, 89, 91, 98, 100, 101, 102, 108, 112, 118, 124, 125, 129, 130, 131, 132]
[4, 6, 9, 13, 18, 22, 24, 29, 33, 36, 43, 45, 49, 51, 57, 62, 67, 68, 70, 78, 83, 87, 90, 94, 102, 108, 117, 126, 128, 129, 130]
[1, 10, 12, 15, 23, 28, 30, 35, 36, 51, 57, 58, 65, 67, 77, 81, 85, 88, 99, 106, 120, 125, 128]
[1, 2, 3, 4, 6, 7, 8, 9, 10, 11, 12, 13, 14, 15, 16, 17, 18, 19, 20, 21, 22, 23, 25, 26, 27, 28, 29, 30, 31, 32, 33, 34, 35, 36, 37, 38, 39, 40, 41, 42, 43, 44, 45, 46, 47, 48, 49, 50, 51, 53, 54, 56, 57, 58, 59, 60, 61, 63, 64, 65, 66, 67, 69, 70, 71, 72, 74, 75, 77, 78, 79, 81, 82, 83, 84, 85, 86, 87, 88, 89, 90, 91, 92, 93, 94, 95, 96, 97, 98, 99, 100, 101, 102, 103, 104, 105, 106, 107, 108, 109, 110, 111, 112, 113, 114, 115, 116, 117, 118, 119, 120, 121, 122, 123, 124, 125, 126, 127, 128, 129, 131]
[1, 2, 3, 4, 5, 6, 7, 9, 10, 11, 12, 13, 14, 15, 16, 17, 19, 21, 22, 23, 25, 26, 27, 28, 29, 31, 32, 33, 34, 35, 37, 38, 39, 40, 41, 42, 44, 45, 46, 47, 48, 49, 51, 52, 53, 54, 55, 57, 58, 59, 61, 62, 63, 64, 65, 66, 67, 68, 69, 70, 71, 73, 74, 75, 77, 80, 82, 83, 84, 85, 86, 87, 88, 89, 90, 91, 94, 97, 98, 99, 100, 101, 102, 103, 105, 106, 107, 108, 109, 110, 111, 113, 114, 115, 116, 117, 118, 119, 120, 121, 122, 123, 124, 125, 126, 127, 128, 129, 130, 131]
[9, 39, 42, 46, 56, 59, 70, 72, 79, 83, 101, 102, 105, 108, 117, 123, 126]
[12, 14, 17, 24, 28, 29, 31, 33, 36, 38, 41, 45, 48, 51, 60, 63, 68, 69, 73, 79, 87, 88, 97, 101, 105, 112, 113, 115, 120, 124]
[2, 3, 5, 6, 7, 8, 12, 14, 16, 17, 18, 19, 20, 22, 23, 24, 27, 28, 30, 31, 33, 35, 36, 40, 41, 45, 46, 49, 50, 52, 54, 56, 63, 65, 66, 68, 69, 70, 71, 72, 75, 76, 78, 79, 80, 84, 85, 86, 92, 93, 94, 95, 97, 98, 99, 102, 104, 106, 107, 108, 109, 110, 111, 112, 114, 115, 117, 118, 119, 120, 121, 122, 124, 125, 128, 129, 130]
[3, 6, 7, 10, 11, 12, 13, 15, 21, 22, 23, 24, 27, 28, 31, 32, 33, 35, 38, 39, 40, 41, 43, 45, 50, 51, 53, 55, 56, 58, 59, 62, 63, 66, 72, 76, 78, 80, 82, 83, 84, 85, 86, 88, 89, 91, 92, 93, 94, 95, 96, 97, 100, 101, 102, 103, 107, 108, 109, 110, 112, 113, 114, 115, 116, 120, 124, 128, 130, 132]
[57]
[11, 13, 14, 16, 20, 23, 30, 31, 34, 36, 39, 44, 48, 57, 59, 60, 68, 75, 79, 85, 86, 90, 91, 99, 100, 101, 109, 111, 112, 113, 117, 118, 119, 121, 124, 129, 130]
[1, 2, 3, 4, 5, 6, 7, 8, 9, 10, 11, 12, 14, 15, 16, 17, 19, 20, 21, 22, 23, 24, 25, 28, 29, 30, 31, 32, 33, 35, 36, 38, 39, 40, 41, 42, 43, 44, 45, 46, 47, 48, 49, 51, 53, 54, 55, 56, 57, 58, 60, 61, 62, 63, 64, 66, 67, 68, 69, 71, 72, 73, 74, 76, 77, 78, 79, 80, 82, 83, 84, 86, 87, 88, 89, 90, 91, 92, 93, 94, 95, 96, 97, 98, 99, 100, 101, 102, 104, 105, 106, 107, 108, 109, 110, 111, 112, 113, 114, 115, 116, 117, 118, 119, 120, 121, 122, 123, 124, 125, 126, 127, 128, 130, 131, 132]
[2, 9, 13, 17, 20, 22, 25, 27, 28, 29, 30, 31, 33, 37, 44, 48, 50, 56, 59, 68, 76, 77, 87, 91, 92, 97, 100, 102, 104, 106, 108, 114, 117, 121, 122, 126, 130]
[2, 3, 9, 14, 19, 20, 26, 36, 38, 39, 42, 46, 47, 52, 71, 73, 74, 75, 79, 85, 89, 90, 93, 106, 117, 118, 119, 120, 121, 123, 124, 128, 131]
[1, 2, 3, 4, 5, 6, 7, 8, 10, 12, 13, 14, 15, 16, 17, 18, 19, 20, 21, 22, 23, 24, 25, 26, 29, 30, 31, 32, 33, 34, 35, 36, 37, 38, 39, 40, 41, 42, 43, 44, 45, 46, 47, 49, 51, 52, 55, 56, 58, 59, 62, 63, 67, 68, 69, 72, 74, 75, 76, 77, 78, 80, 81, 82, 83, 84, 85, 87, 88, 89, 90, 91, 92, 95, 96, 97, 98, 99, 100, 101, 102, 103, 104, 105, 106, 109, 112, 113, 114, 115, 117, 118, 119, 120, 121, 122, 123, 124, 126, 127, 128, 129, 131, 132]
[3, 4, 5, 7, 8, 9, 10, 11, 13, 14, 18, 20, 21, 22, 24, 25, 26, 27, 29, 31, 32, 34, 36, 37, 41, 42, 43, 44, 45, 46, 47, 49, 51, 52, 53, 58, 59, 60, 61, 62, 63, 64, 65, 66, 68, 69, 71, 78, 81, 83, 86, 87, 88, 89, 91, 92, 94, 95, 96, 98, 100, 102, 103, 104, 110, 111, 112, 114, 116, 117, 119, 120, 121, 122, 124, 125, 126, 127, 128, 129, 130]
[1, 2, 3, 4, 5, 6, 8, 9, 11, 13, 14, 15, 16, 17, 18, 19, 20, 21, 22, 23, 24, 25, 26, 27, 30, 32, 34, 35, 36, 37, 38, 39, 40, 41, 42, 44, 45, 46, 47, 49, 50, 51, 52, 53, 54, 55, 56, 57, 58, 59, 62, 63, 64, 65, 67, 68, 70, 72, 74, 76, 77, 78, 80, 83, 84, 85, 86, 87, 92, 93, 94, 95, 96, 97, 98, 99, 101, 102, 103, 104, 105, 107, 108, 109, 110, 111, 113, 116, 117, 118, 119, 120, 121, 122, 123, 124, 125, 127, 130, 132]
[23, 40, 50, 71, 107, 122, 130]
[12, 13, 15, 18, 23, 26, 49, 77, 79, 85, 91, 96, 112, 127, 129]
[1, 2, 3, 4, 6, 7, 9, 10, 11, 12, 13, 14, 15, 16, 17, 18, 19, 20, 21, 24, 25, 26, 27, 28, 29, 30, 33, 34, 35, 37, 38, 39, 40, 42, 43, 44, 45, 46, 47, 48, 50, 52, 53, 54, 55, 56, 57, 59, 60, 61, 62, 63, 64, 65, 66, 67, 68, 69, 70, 71, 72, 73, 74, 76, 77, 78, 79, 80, 81, 82, 84, 85, 86, 87, 88, 90, 92, 93, 96, 98, 99, 100, 101, 102, 103, 104, 106, 107, 108, 109, 110, 112, 113, 114, 115, 116, 118, 119, 120, 122, 123, 124, 125, 126, 127, 128, 129, 130, 131, 132]
[3, 5, 8, 10, 11, 12, 13, 15, 17, 18, 21, 22, 23, 24, 28, 35, 36, 38, 39, 40, 45, 47, 48, 49, 51, 60, 64, 65, 73, 76, 77, 81, 82, 83, 85, 93, 94, 97, 100, 104, 107, 109, 110, 111, 112, 114, 116, 118, 119, 122, 123, 124, 125, 127]
[2, 3, 5, 6, 12, 13, 17, 21, 24, 26, 29, 30, 33, 34, 35, 36, 38, 39, 40, 41, 42, 44, 46, 50, 51, 53, 57, 59, 62, 63, 65, 66, 69, 73, 74, 76, 78, 82, 87, 89, 92, 94, 96, 98, 100, 101, 102, 103, 107, 109, 110, 111, 117, 124, 130, 131, 132]
[2, 9, 14, 16, 17, 18, 20, 22, 24, 30, 35, 37, 47, 49, 52, 53, 55, 60, 61, 62, 67, 68, 69, 72, 74, 76, 82, 86, 87, 94, 95, 110, 112, 117, 118, 123, 125, 126, 127, 128, 129, 132]
[2, 3, 4, 5, 6, 7, 8, 9, 10, 11, 12, 13, 14, 15, 16, 18, 20, 23, 24, 25, 27, 28, 29, 30, 31, 32, 34, 35, 36, 37, 38, 39, 40, 41, 42, 43, 44, 45, 47, 49, 50, 51, 52, 54, 55, 56, 57, 58, 59, 60, 61, 62, 63, 64, 65, 66, 67, 68, 69, 70, 72, 73, 74, 75, 76, 77, 78, 79, 80, 81, 82, 83, 84, 85, 86, 87, 88, 89, 90, 91, 92, 93, 95, 96, 98, 99, 101, 102, 103, 104, 105, 106, 107, 108, 110, 111, 112, 113, 115, 116, 117, 118, 119, 120, 121, 122, 123, 124, 126, 127, 128, 130, 131, 132]
[1, 5, 6, 9, 12, 13, 15, 17, 18, 19, 20, 21, 22, 24, 25, 35, 36, 37, 38, 44, 45, 46, 50, 52, 53, 58, 61, 62, 63, 64, 67, 68, 70, 76, 77, 79, 81, 82, 89, 92, 95, 106, 110, 113, 119, 120, 121, 122, 130, 132]
[1, 3, 4, 5, 6, 7, 8, 9, 10, 11, 12, 13, 14, 20, 23, 31, 32, 33, 34, 35, 36, 39, 40, 41, 42, 44, 45, 46, 47, 48, 49, 50, 51, 56, 58, 59, 61, 62, 63, 64, 65, 68, 69, 71, 75, 77, 78, 80, 83, 85, 86, 88, 90, 94, 97, 98, 99, 101, 102, 103, 104, 106, 107, 110, 113, 117, 119, 124, 126, 130, 131]
[1, 2, 3, 4, 5, 6, 7, 9, 10, 12, 13, 14, 15, 16, 17, 18, 19, 20, 21, 22, 23, 25, 26, 27, 28, 29, 31, 32, 33, 35, 36, 37, 38, 39, 40, 41, 42, 43, 44, 45, 46, 47, 48, 49, 50, 51, 52, 53, 54, 55, 56, 57, 58, 59, 60, 61, 62, 63, 64, 65, 66, 68, 70, 72, 73, 74, 75, 76, 77, 78, 79, 80, 81, 82, 83, 84, 85, 86, 87, 88, 89, 90, 91, 92, 93, 94, 95, 97, 98, 99, 100, 101, 102, 103, 104, 105, 106, 107, 108, 109, 110, 111, 112, 113, 114, 115, 116, 117, 118, 119, 120, 123, 124, 125, 127, 129, 130, 131, 132]
[1, 3, 4, 5, 6, 8, 9, 10, 11, 13, 14, 15, 16, 19, 20, 21, 22, 23, 24, 26, 28, 31, 34, 42, 43, 44, 47, 48, 49, 50, 51, 55, 59, 61, 62, 63, 64, 65, 66, 70, 71, 72, 74, 75, 76, 77, 78, 79, 80, 81, 86, 87, 88, 89, 90, 91, 92, 94, 95, 96, 97, 99, 100, 101, 103, 105, 106, 107, 110, 111, 112, 113, 115, 116, 117, 118, 119, 121, 123, 125, 126, 127, 128, 129, 130]
[1, 2, 4, 5, 6, 7, 8, 11, 12, 13, 14, 16, 19, 20, 21, 22, 23, 24, 25, 26, 27, 28, 29, 30, 31, 32, 33, 34, 38, 42, 43, 44, 45, 46, 49, 51, 52, 53, 54, 56, 57, 58, 59, 60, 61, 62, 63, 64, 65, 66, 67, 68, 69, 70, 72, 73, 74, 76, 77, 78, 79, 80, 81, 83, 84, 86, 88, 89, 90, 91, 96, 97, 98, 100, 101, 103, 104, 105, 107, 108, 109, 110, 112, 113, 114, 115, 117, 118, 120, 121, 122, 123, 125, 126, 127, 128, 129, 130, 132]
[6, 9, 11, 12, 14, 15, 16, 19, 23, 25, 28, 33, 36, 43, 45, 46, 49, 53, 58, 61, 66, 67, 73, 74, 78, 79, 84, 86, 93, 96, 99, 100, 102, 105, 106, 110, 118, 120, 123, 129]
[5, 11, 12, 13, 14, 18, 22, 23, 28, 30, 32, 34, 36, 39, 40, 42, 44, 45, 49, 51, 54, 56, 57, 58, 61, 62, 63, 65, 66, 68, 71, 72, 74, 76, 77, 78, 80, 81, 82, 85, 87, 90, 93, 94, 95, 96, 100, 101, 102, 105, 107, 108, 110, 112, 113, 115, 117, 119, 122, 125, 126, 129, 131]
[1, 2, 3, 4, 5, 7, 8, 9, 10, 12, 13, 14, 15, 16, 17, 18, 19, 20, 21, 22, 23, 24, 25, 26, 27, 28, 29, 31, 32, 36, 37, 38, 39, 40, 41, 42, 43, 45, 46, 48, 49, 51, 52, 54, 55, 56, 57, 58, 59, 60, 61, 62, 63, 65, 67, 68, 70, 71, 73, 74, 75, 76, 79, 80, 83, 84, 85, 86, 87, 88, 89, 90, 91, 92, 94, 95, 96, 98, 99, 103, 104, 105, 106, 107, 108, 110, 111, 115, 116, 117, 118, 119, 120, 124, 125, 126, 127, 128, 129, 130, 131, 132]
[1, 5, 7, 10, 25, 28, 29, 30, 31, 33, 35, 37, 38, 49, 64, 66, 68, 69, 70, 82, 84, 88, 91, 99, 103, 104, 116, 119]
[1, 4, 5, 7, 8, 9, 10, 12, 14, 16, 20, 21, 22, 24, 26, 27, 30, 31, 34, 37, 38, 39, 41, 45, 47, 48, 50, 51, 52, 53, 54, 55, 56, 57, 58, 60, 61, 62, 65, 66, 69, 72, 73, 76, 77, 79, 83, 84, 87, 90, 91, 92, 93, 94, 95, 96, 97, 98, 99, 101, 102, 103, 104, 105, 106, 107, 108, 109, 110, 112, 115, 116, 119, 122, 123, 124, 126, 127, 128, 130]
[1, 2, 3, 4, 5, 6, 7, 8, 9, 10, 11, 12, 13, 14, 15, 16, 17, 18, 19, 20, 21, 22, 23, 24, 25, 26, 27, 28, 29, 30, 31, 32, 33, 34, 35, 36, 37, 38, 39, 40, 41, 42, 43, 44, 45, 46, 47, 48, 49, 50, 51, 52, 53, 54, 55, 56, 57, 58, 59, 60, 61, 62, 63, 64, 65, 66, 67, 68, 69, 70, 71, 72, 73, 74, 75, 76, 77, 78, 79, 80, 81, 82, 83, 84, 85, 86, 87, 88, 89, 90, 91, 92, 93, 95, 96, 97, 99, 100, 101, 102, 103, 104, 105, 106, 107, 108, 109, 110, 111, 112, 113, 114, 115, 116, 117, 119, 120, 121, 122, 123, 124, 125, 126, 127, 128, 129, 130, 131, 132]
[1, 3, 4, 5, 7, 8, 9, 10, 12, 13, 15, 17, 18, 20, 21, 22, 23, 24, 26, 28, 29, 30, 31, 32, 33, 35, 37, 38, 39, 41, 42, 43, 44, 45, 46, 47, 48, 52, 54, 55, 56, 58, 59, 60, 61, 63, 64, 65, 66, 67, 68, 70, 71, 72, 73, 74, 75, 76, 79, 80, 81, 82, 83, 84, 85, 86, 89, 90, 92, 93, 94, 95, 96, 97, 99, 102, 103, 104, 106, 107, 108, 109, 110, 111, 112, 114, 115, 116, 117, 118, 119, 120, 121, 122, 123, 124, 125, 126, 128, 130, 131]
[3, 82, 84]
[3, 106]
[2, 4, 5, 10, 13, 15, 18, 24, 26, 27, 31, 38, 39, 41, 44, 45, 46, 47, 48, 49, 53, 54, 56, 59, 60, 70, 71, 73, 75, 76, 81, 82, 84, 85, 88, 95, 97, 99, 105, 106, 107, 108, 110, 114, 119, 120, 123, 126, 127, 128, 130, 131, 132]
[4, 8, 9, 11, 12, 13, 15, 16, 18, 20, 21, 22, 23, 24, 25, 26, 29, 30, 31, 32, 34, 35, 37, 39, 40, 41, 45, 47, 51, 52, 53, 55, 57, 59, 62, 63, 66, 67, 69, 70, 73, 74, 75, 78, 80, 84, 85, 86, 87, 88, 89, 90, 91, 94, 97, 99, 100, 102, 103, 104, 105, 109, 111, 113, 114, 115, 116, 119, 121, 122, 123, 124, 125, 126, 127, 128, 129, 130, 131, 132]
[7, 9, 10, 17, 18, 25, 29, 30, 37, 59, 60, 64, 67, 68, 71, 78, 84, 87, 91, 94, 96, 99, 102, 103, 104, 105, 106, 107, 118, 127, 128]
[1, 2, 3, 4, 5, 7, 8, 9, 10, 11, 12, 13, 14, 15, 16, 17, 18, 19, 20, 21, 22, 23, 24, 25, 26, 27, 28, 29, 31, 32, 33, 34, 35, 36, 37, 38, 39, 40, 41, 42, 43, 44, 45, 46, 47, 48, 49, 50, 51, 52, 53, 54, 55, 56, 57, 58, 59, 60, 61, 62, 63, 64, 65, 67, 68, 69, 70, 71, 72, 73, 74, 75, 76, 77, 78, 79, 80, 81, 83, 84, 85, 86, 87, 88, 89, 90, 91, 92, 93, 95, 96, 97, 98, 99, 100, 101, 102, 103, 104, 105, 106, 107, 108, 109, 110, 111, 112, 113, 114, 115, 116, 117, 119, 120, 121, 122, 123, 124, 125, 126, 127, 129, 130, 131, 132]
[1, 2, 3, 4, 5, 7, 8, 9, 10, 11, 12, 13, 14, 15, 16, 17, 18, 20, 21, 22, 24, 25, 26, 27, 28, 29, 30, 31, 32, 33, 34, 35, 36, 37, 39, 40, 41, 42, 43, 45, 46, 47, 48, 49, 50, 51, 53, 54, 55, 56, 57, 58, 59, 60, 61, 62, 63, 64, 65, 66, 67, 68, 70, 71, 72, 73, 74, 75, 76, 77, 78, 79, 80, 81, 82, 83, 84, 85, 86, 87, 88, 89, 92, 93, 94, 95, 97, 98, 99, 100, 101, 103, 104, 105, 106, 107, 108, 109, 112, 113, 114, 115, 116, 117, 119, 120, 121, 122, 123, 124, 125, 127, 128, 130, 131, 132]
[2, 4, 5, 7, 8, 9, 12, 13, 16, 22, 23, 26, 27, 28, 29, 30, 32, 33, 35, 36, 37, 39, 40, 41, 45, 47, 48, 50, 55, 57, 58, 59, 60, 61, 63, 66, 68, 69, 72, 73, 74, 75, 79, 81, 82, 83, 85, 86, 88, 89, 93, 95, 96, 97, 99, 102, 105, 106, 107, 110, 112, 113, 117, 119, 120, 128, 129, 130, 131]
[3, 6, 9, 10, 11, 12, 13, 16, 17, 20, 21, 22, 23, 25, 28, 30, 31, 33, 34, 35, 37, 41, 42, 44, 45, 47, 48, 49, 50, 52, 53, 54, 55, 56, 57, 58, 59, 60, 61, 63, 64, 66, 68, 70, 71, 72, 75, 77, 78, 79, 80, 81, 85, 87, 88, 91, 95, 96, 98, 99, 102, 103, 106, 109, 111, 113, 114, 115, 116, 119, 120, 121, 123, 125, 126, 127, 131]
[1, 2, 3, 4, 5, 6, 7, 8, 9, 10, 11, 12, 13, 14, 15, 16, 17, 18, 19, 20, 21, 22, 23, 24, 25, 26, 27, 28, 29, 30, 31, 32, 33, 34, 35, 36, 37, 38, 39, 40, 41, 42, 43, 44, 45, 46, 47, 48, 49, 50, 51, 52, 53, 54, 55, 56, 57, 58, 59, 60, 61, 62, 63, 64, 65, 66, 67, 68, 69, 70, 72, 73, 74, 75, 76, 77, 78, 79, 80, 81, 82, 83, 84, 85, 86, 87, 88, 89, 90, 91, 92, 93, 94, 95, 96, 97, 98, 99, 100, 101, 102, 103, 104, 105, 106, 107, 108, 109, 110, 111, 112, 113, 114, 115, 116, 117, 118, 119, 120, 121, 122, 123, 124, 125, 126, 127, 128, 129, 130, 131, 132]
[3, 4, 5, 6, 7, 9, 11, 14, 15, 17, 18, 19, 22, 24, 25, 26, 28, 30, 34, 39, 44, 46, 47, 48, 49, 51, 53, 57, 59, 61, 62, 66, 67, 69, 72, 73, 79, 80, 84, 85, 86, 89, 90, 92, 96, 101, 104, 108, 109, 110, 111, 113, 116, 119, 120, 122, 125, 127, 129, 132]
[2, 4, 5, 6, 7, 8, 9, 10, 12, 13, 15, 18, 20, 22, 24, 25, 26, 27, 31, 32, 33, 34, 35, 36, 37, 40, 41, 42, 43, 44, 46, 47, 48, 49, 50, 51, 53, 55, 56, 57, 58, 59, 60, 64, 66, 70, 71, 73, 75, 76, 79, 80, 81, 83, 84, 85, 90, 91, 92, 94, 95, 96, 97, 98, 99, 100, 101, 104, 105, 106, 107, 108, 109, 110, 111, 113, 114, 116, 117, 118, 121, 122, 123, 125, 126, 129, 130, 131, 132]
[1, 4, 5, 7, 8, 9, 10, 11, 13, 14, 15, 17, 18, 19, 21, 22, 23, 25, 26, 27, 28, 29, 32, 33, 34, 35, 36, 37, 39, 41, 42, 43, 45, 47, 48, 50, 59, 62, 65, 66, 68, 69, 70, 71, 72, 73, 77, 78, 80, 82, 83, 85, 86, 90, 95, 96, 97, 98, 99, 100, 101, 102, 103, 104, 105, 106, 108, 109, 111, 113, 114, 115, 116, 117, 118, 120, 122, 123, 124, 125, 127, 128, 131]
[3, 4, 5, 7, 8, 9, 10, 11, 13, 14, 16, 17, 18, 19, 21, 22, 23, 25, 26, 28, 30, 31, 32, 33, 36, 37, 39, 40, 41, 42, 43, 44, 45, 46, 48, 50, 51, 55, 56, 57, 58, 59, 61, 62, 63, 64, 65, 66, 67, 68, 69, 70, 71, 72, 73, 74, 75, 76, 77, 78, 80, 81, 82, 83, 84, 85, 86, 89, 93, 95, 96, 97, 98, 99, 101, 103, 105, 106, 108, 109, 110, 111, 113, 114, 115, 117, 119, 121, 122, 126, 127, 128, 130, 131]
[1, 3, 4, 6, 8, 9, 10, 11, 12, 15, 16, 17, 18, 19, 20, 21, 22, 23, 24, 26, 29, 30, 33, 37, 38, 39, 40, 42, 43, 44, 46, 47, 48, 49, 50, 52, 53, 55, 56, 57, 61, 62, 65, 66, 69, 73, 74, 75, 78, 79, 80, 81, 83, 84, 85, 86, 87, 88, 90, 91, 95, 96, 97, 98, 99, 100, 101, 102, 103, 104, 106, 108, 110, 111, 112, 113, 115, 117, 120, 123, 124, 125, 126, 127, 128, 131]
[2, 3, 4, 5, 7, 9, 12, 13, 14, 15, 16, 17, 18, 19, 23, 24, 26, 27, 28, 29, 31, 32, 33, 34, 35, 36, 37, 38, 40, 41, 43, 45, 48, 49, 50, 51, 52, 53, 54, 55, 56, 57, 59, 62, 63, 64, 65, 66, 67, 69, 71, 72, 73, 74, 75, 76, 77, 79, 80, 81, 82, 83, 84, 86, 87, 88, 89, 90, 91, 92, 93, 94, 95, 96, 97, 98, 100, 101, 102, 103, 104, 106, 107, 109, 110, 112, 113, 114, 116, 117, 118, 119, 121, 122, 123, 124, 126, 127, 128, 129, 130]
[3, 4, 5, 7, 8, 10, 12, 20, 21, 22, 23, 24, 26, 28, 29, 30, 36, 37, 39, 42, 43, 46, 47, 48, 51, 55, 61, 62, 66, 67, 69, 74, 75, 79, 81, 83, 86, 88, 89, 93, 94, 95, 97, 98, 99, 101, 102, 103, 112, 117, 118, 119, 120, 122, 124, 126, 127, 128, 129, 132]
[6, 9, 25, 26, 34, 42, 50, 54, 64, 76, 81, 93, 97, 99, 107, 109, 121, 122, 123, 131]
[11, 16, 17, 24, 25, 27, 30, 47, 55, 59, 62, 63, 69, 75, 94, 100, 105, 106, 108, 112, 119, 127, 131]
[1, 2, 3, 4, 6, 7, 8, 10, 12, 13, 14, 15, 17, 18, 19, 21, 22, 23, 26, 27, 28, 29, 30, 31, 33, 34, 35, 36, 38, 39, 41, 42, 43, 45, 46, 47, 48, 49, 50, 51, 52, 54, 55, 56, 57, 58, 59, 60, 61, 62, 63, 64, 65, 67, 70, 73, 75, 77, 78, 79, 80, 81, 83, 84, 85, 86, 87, 88, 90, 91, 92, 94, 95, 96, 97, 98, 99, 100, 103, 104, 106, 107, 108, 109, 110, 111, 113, 114, 115, 116, 117, 118, 119, 120, 121, 123, 124, 125, 126, 127, 128, 131, 132]
[1, 2, 3, 4, 5, 6, 7, 8, 9, 10, 11, 12, 13, 14, 15, 16, 17, 19, 20, 21, 22, 23, 24, 25, 26, 27, 29, 30, 31, 32, 33, 34, 35, 36, 37, 38, 39, 40, 41, 42, 43, 44, 45, 46, 47, 48, 49, 50, 51, 52, 53, 54, 55, 56, 57, 58, 59, 60, 61, 62, 63, 64, 65, 66, 67, 68, 69, 70, 71, 72, 73, 74, 75, 76, 77, 78, 79, 80, 81, 82, 83, 84, 85, 86, 87, 88, 89, 90, 91, 92, 93, 94, 95, 97, 98, 99, 100, 101, 102, 103, 104, 105, 106, 108, 109, 110, 111, 112, 113, 114, 115, 116, 117, 118, 119, 120, 121, 122, 123, 124, 125, 127, 128, 129, 130, 131, 132]
[1, 2, 3, 5, 6, 8, 10, 11, 13, 14, 16, 17, 18, 19, 21, 24, 25, 26, 27, 28, 29, 32, 33, 34, 35, 36, 39, 40, 42, 44, 46, 47, 48, 51, 52, 53, 54, 55, 57, 58, 59, 61, 62, 64, 65, 66, 70, 71, 72, 76, 77, 78, 80, 83, 84, 89, 90, 92, 93, 94, 95, 96, 97, 98, 99, 100, 105, 108, 113, 114, 117, 118, 119, 120, 121, 122, 123, 124, 125, 126, 127, 128, 129, 130, 131]
[4, 5, 6, 7, 11, 12, 13, 14, 15, 16, 17, 18, 19, 21, 22, 23, 25, 28, 29, 31, 35, 36, 37, 39, 40, 41, 43, 44, 46, 47, 48, 49, 52, 54, 55, 57, 58, 59, 61, 63, 65, 66, 73, 74, 75, 76, 78, 82, 83, 87, 88, 89, 91, 92, 93, 94, 97, 100, 102, 103, 105, 107, 108, 109, 111, 112, 113, 115, 117, 118, 119, 120, 121, 122, 124, 125, 127, 128, 130, 132]
[1, 2, 3, 4, 6, 7, 8, 9, 12, 13, 14, 15, 18, 19, 21, 23, 25, 26, 27, 28, 29, 31, 32, 33, 34, 36, 37, 38, 40, 42, 43, 45, 46, 48, 51, 52, 55, 57, 58, 62, 63, 66, 69, 70, 71, 72, 73, 74, 75, 77, 78, 80, 83, 84, 85, 86, 90, 92, 93, 94, 96, 97, 99, 102, 104, 105, 107, 109, 110, 115, 120, 121, 122, 123, 125, 127, 129, 131]
[1, 2, 3, 4, 5, 6, 7, 8, 9, 10, 11, 12, 13, 14, 15, 16, 17, 18, 19, 21, 22, 24, 25, 26, 27, 28, 29, 30, 31, 32, 33, 34, 36, 37, 38, 39, 40, 41, 42, 43, 44, 45, 47, 49, 50, 51, 52, 54, 55, 56, 57, 58, 59, 60, 61, 63, 64, 65, 66, 67, 68, 69, 70, 71, 72, 73, 74, 75, 76, 77, 78, 79, 80, 81, 82, 83, 84, 85, 86, 88, 89, 91, 92, 93, 94, 95, 96, 97, 98, 99, 100, 101, 102, 103, 104, 105, 106, 107, 108, 109, 110, 111, 112, 113, 115, 117, 118, 119, 120, 121, 122, 123, 124, 125, 126, 127, 128, 129, 132]
[15, 32, 44]
[1, 2, 3, 4, 5, 6, 7, 8, 9, 10, 12, 13, 17, 18, 19, 20, 21, 22, 23, 24, 25, 26, 28, 29, 30, 32, 33, 34, 35, 36, 37, 38, 39, 40, 41, 43, 44, 45, 46, 48, 49, 50, 51, 52, 53, 54, 56, 57, 59, 60, 61, 63, 64, 65, 66, 67, 68, 69, 70, 71, 72, 73, 74, 75, 77, 78, 80, 81, 82, 83, 85, 87, 88, 90, 92, 93, 94, 95, 96, 97, 98, 99, 100, 101, 102, 103, 104, 105, 106, 108, 109, 110, 111, 112, 113, 114, 115, 116, 117, 118, 119, 120, 121, 123, 124, 125, 126, 127, 128, 129, 130, 131, 132]
[4, 5, 6, 7, 8, 11, 12, 13, 14, 15, 18, 20, 21, 22, 23, 24, 25, 27, 28, 29, 30, 31, 36, 37, 38, 39, 40, 41, 46, 47, 48, 49, 50, 54, 55, 56, 57, 60, 62, 63, 67, 68, 69, 71, 80, 82, 83, 85, 86, 87, 88, 90, 91, 93, 95, 96, 98, 99, 100, 104, 106, 107, 109, 110, 111, 113, 114, 116, 117, 118, 120, 121, 122, 123, 129, 131]
[2, 3, 4, 5, 6, 7, 8, 9, 10, 11, 12, 13, 14, 16, 17, 18, 19, 20, 21, 22, 23, 24, 25, 26, 27, 28, 29, 30, 31, 32, 33, 34, 35, 36, 37, 38, 39, 40, 41, 42, 43, 46, 47, 48, 49, 51, 52, 53, 54, 55, 56, 57, 58, 59, 60, 61, 62, 63, 64, 65, 66, 67, 68, 69, 70, 71, 72, 73, 74, 75, 76, 77, 78, 79, 80, 81, 83, 84, 85, 86, 87, 88, 89, 91, 92, 93, 94, 95, 96, 97, 99, 100, 101, 102, 103, 104, 105, 106, 107, 108, 109, 110, 111, 112, 114, 115, 116, 117, 118, 120, 122, 123, 124, 125, 126, 127, 128, 129, 130, 131, 132]
[5, 9, 12, 19, 20, 23, 33, 35, 36, 37, 38, 47, 48, 58, 59, 61, 62, 68, 73, 74, 85, 93, 94, 98, 103, 105, 111, 113, 116, 119, 124, 128, 131]
[1, 3, 5, 6, 7, 8, 9, 13, 14, 17, 18, 22, 24, 28, 29, 31, 36, 37, 38, 40, 41, 42, 43, 46, 48, 50, 52, 54, 60, 65, 66, 70, 72, 74, 78, 80, 82, 86, 87, 88, 89, 90, 91, 92, 93, 94, 95, 96, 98, 100, 101, 102, 103, 105, 106, 107, 108, 109, 112, 113, 115, 116, 123, 126, 127, 128, 129, 130, 131, 132]
[1, 3, 7, 9, 10, 11, 13, 16, 19, 20, 22, 23, 24, 25, 27, 28, 29, 30, 31, 34, 35, 36, 37, 40, 42, 44, 46, 47, 48, 51, 53, 54, 55, 56, 58, 60, 62, 64, 66, 70, 72, 74, 75, 77, 84, 85, 90, 94, 95, 96, 97, 98, 99, 100, 102, 103, 105, 106, 112, 116, 117, 119, 121, 124, 126, 127, 128, 130]
[1, 2, 3, 5, 14, 15, 17, 19, 20, 21, 23, 30, 31, 32, 33, 38, 41, 44, 46, 48, 49, 50, 51, 54, 55, 57, 59, 60, 63, 64, 65, 66, 67, 70, 73, 77, 78, 79, 85, 86, 87, 88, 90, 91, 92, 101, 109, 110, 112, 113, 116, 117, 122, 125, 128, 129, 131]
[40, 63, 71, 74, 79, 115]
[1, 3, 6, 12, 13, 14, 15, 16, 17, 18, 20, 23, 24, 25, 26, 27, 30, 31, 32, 33, 34, 36, 42, 43, 44, 45, 46, 48, 49, 51, 52, 53, 54, 55, 56, 61, 64, 67, 72, 74, 79, 80, 81, 82, 83, 85, 86, 87, 88, 89, 90, 91, 92, 93, 94, 96, 97, 100, 101, 102, 104, 105, 106, 107, 108, 110, 112, 116, 117, 118, 119, 123, 125, 126, 127, 128, 130, 131]
[2, 3, 4, 5, 8, 9, 10, 11, 12, 13, 14, 15, 16, 20, 21, 23, 25, 26, 28, 32, 37, 39, 42, 45, 46, 47, 49, 50, 51, 52, 53, 54, 55, 56, 58, 60, 61, 62, 63, 64, 65, 68, 71, 72, 74, 75, 77, 78, 80, 82, 83, 85, 86, 88, 90, 93, 94, 95, 97, 100, 102, 103, 105, 106, 107, 108, 109, 110, 112, 113, 114, 115, 117, 119, 121, 122, 123, 126, 127, 128, 130, 131, 132]
[2, 3, 4, 6, 8, 9, 10, 13, 14, 15, 17, 20, 21, 23, 24, 25, 26, 27, 28, 29, 35, 37, 38, 39, 41, 42, 43, 44, 45, 46, 47, 49, 52, 54, 55, 56, 59, 60, 62, 63, 64, 66, 67, 69, 71, 72, 73, 74, 76, 80, 82, 83, 84, 88, 89, 91, 93, 95, 96, 98, 99, 100, 103, 106, 107, 109, 110, 113, 114, 115, 116, 117, 120, 124, 126]
[1, 2, 5, 6, 7, 10, 11, 12, 15, 16, 19, 22, 24, 26, 27, 30, 32, 37, 38, 39, 40, 41, 44, 46, 50, 53, 55, 58, 60, 64, 66, 68, 69, 70, 71, 73, 74, 75, 77, 79, 82, 83, 85, 88, 90, 94, 97, 98, 102, 103, 106, 107, 108, 109, 111, 113, 116, 120, 121, 125, 127, 129, 130, 132]
[9, 67, 130]
[1, 2, 4, 5, 6, 7, 8, 9, 10, 11, 12, 13, 14, 15, 16, 17, 18, 19, 20, 21, 22, 24, 25, 26, 27, 28, 29, 30, 31, 32, 33, 34, 35, 36, 37, 38, 40, 41, 42, 43, 44, 45, 46, 47, 48, 49, 50, 51, 52, 53, 54, 55, 56, 57, 58, 60, 61, 62, 63, 64, 65, 66, 67, 68, 69, 70, 71, 72, 73, 74, 75, 76, 77, 78, 79, 80, 81, 82, 83, 84, 85, 86, 87, 88, 90, 91, 92, 93, 95, 96, 97, 98, 99, 100, 101, 102, 103, 104, 105, 106, 107, 108, 109, 110, 111, 112, 113, 114, 115, 116, 117, 118, 119, 120, 121, 122, 123, 124, 125, 126, 127, 128, 129, 130, 132]
[1, 6, 9, 25, 27, 28, 32, 33, 34, 35, 38, 39, 44, 46, 47, 49, 56, 57, 58, 61, 63, 67, 70, 83, 91, 95, 102, 112, 113, 114, 121, 122, 123, 128, 129]
[3, 5, 9, 12, 18, 26, 30, 32, 35, 39, 41, 43, 46, 50, 64, 70, 72, 76, 96, 98, 101, 102, 105, 121, 122, 125, 126, 128, 131]
[1, 4, 6, 7, 11, 20, 26, 27, 29, 30, 34, 45, 57, 64, 65, 70, 71, 72, 74, 76, 82, 92, 93, 94, 95, 105, 125, 128]
[3, 4, 5, 6, 7, 8, 9, 10, 12, 14, 16, 17, 18, 19, 20, 21, 23, 28, 29, 30, 31, 33, 34, 35, 36, 37, 38, 39, 40, 41, 42, 44, 45, 46, 47, 49, 50, 52, 54, 55, 56, 59, 60, 61, 62, 66, 67, 68, 69, 70, 72, 73, 74, 75, 76, 80, 83, 85, 86, 87, 88, 89, 90, 92, 93, 94, 95, 97, 98, 99, 101, 103, 104, 105, 107, 108, 109, 110, 111, 112, 113, 114, 115, 116, 117, 120, 123, 124, 127, 128, 129, 132]
[1, 9, 12, 14, 17, 19, 20, 22, 23, 27, 29, 31, 35, 36, 37, 38, 41, 42, 52, 53, 59, 62, 63, 66, 67, 73, 75, 78, 81, 87, 94, 95, 98, 102, 107, 112, 115, 116, 121, 123, 124, 125]
[1, 2, 3, 4, 5, 6, 7, 8, 9, 10, 11, 12, 13, 14, 15, 16, 17, 18, 19, 20, 21, 22, 23, 24, 25, 26, 27, 28, 29, 30, 31, 32, 33, 34, 35, 36, 37, 38, 39, 40, 41, 42, 43, 44, 46, 47, 48, 49, 50, 51, 52, 53, 55, 56, 57, 58, 59, 60, 61, 62, 63, 64, 65, 66, 67, 68, 69, 70, 71, 72, 73, 74, 75, 76, 77, 78, 79, 80, 81, 82, 83, 84, 85, 86, 87, 88, 89, 90, 91, 92, 93, 94, 95, 96, 97, 98, 99, 100, 101, 102, 103, 104, 105, 106, 107, 108, 109, 110, 111, 112, 114, 115, 116, 117, 118, 119, 120, 121, 122, 123, 124, 125, 126, 127, 128, 129, 130, 131, 132]
[1, 4, 5, 10, 13, 15, 16, 17, 18, 19, 20, 23, 24, 26, 27, 38, 41, 42, 45, 46, 50, 51, 53, 56, 58, 62, 68, 72, 73, 74, 75, 77, 80, 81, 88, 91, 94, 96, 99, 102, 105, 110, 118, 127, 128, 132]
[1, 4, 6, 7, 10, 11, 13, 14, 17, 19, 23, 24, 27, 28, 29, 31, 32, 33, 34, 37, 40, 41, 42, 43, 45, 46, 48, 50, 57, 60, 61, 62, 65, 66, 67, 69, 71, 72, 74, 75, 76, 79, 80, 81, 82, 86, 92, 96, 97, 98, 99, 101, 102, 107, 109, 110, 111, 113, 114, 116, 117, 121, 122, 123, 124, 125, 126, 129, 130, 131, 132]
[2, 3, 4, 5, 6, 7, 8, 10, 12, 13, 15, 16, 17, 18, 19, 21, 23, 24, 25, 26, 27, 29, 30, 31, 32, 33, 34, 35, 38, 40, 41, 42, 44, 48, 49, 52, 53, 54, 58, 60, 62, 63, 64, 66, 68, 72, 76, 79, 82, 83, 84, 85, 87, 89, 90, 91, 94, 95, 96, 98, 100, 101, 103, 108, 111, 112, 118, 119, 120, 121, 122, 123, 124, 125, 126, 128, 129, 130, 131]
[5, 8, 9, 11, 14, 15, 21, 22, 25, 26, 27, 31, 32, 33, 48, 50, 56, 61, 67, 75, 85, 94, 95, 100, 101, 104, 115, 120, 123, 128, 129, 131]
[70]
[2, 42, 46]
[1, 3, 5, 6, 7, 9, 10, 11, 13, 14, 15, 16, 17, 18, 19, 20, 21, 22, 23, 24, 25, 26, 27, 28, 29, 33, 34, 36, 37, 38, 39, 40, 41, 42, 43, 45, 46, 47, 48, 51, 52, 54, 56, 57, 58, 59, 60, 62, 63, 64, 65, 66, 67, 69, 70, 72, 73, 74, 76, 77, 78, 79, 80, 82, 83, 84, 85, 86, 87, 88, 89, 90, 92, 93, 94, 95, 96, 97, 98, 99, 100, 101, 102, 103, 104, 105, 106, 107, 108, 109, 110, 111, 112, 113, 114, 115, 117, 118, 119, 120, 122, 123, 124, 125, 126, 129, 130, 131]
[1, 2, 5, 6, 8, 9, 12, 17, 18, 19, 21, 24, 25, 27, 29, 31, 36, 39, 41, 43, 47, 48, 49, 51, 53, 55, 58, 62, 65, 71, 72, 73, 78, 79, 82, 83, 91, 92, 94, 96, 97, 99, 101, 102, 105, 106, 107, 108, 110, 113, 116, 119, 129]
[7, 10, 11, 12, 13, 15, 19, 24, 26, 27, 28, 40, 47, 50, 54, 58, 59, 60, 62, 66, 73, 75, 76, 78, 80, 81, 84, 85, 87, 88, 89, 90, 91, 92, 94, 95, 99, 102, 106, 107, 111, 113, 115, 116, 118, 119, 120, 122, 125, 126, 127, 130]
[1, 2, 3, 6, 7, 9, 10, 11, 13, 14, 15, 17, 18, 21, 25, 26, 27, 28, 29, 30, 32, 33, 34, 35, 36, 37, 39, 42, 43, 45, 46, 47, 49, 50, 51, 53, 54, 57, 58, 59, 60, 61, 62, 63, 64, 65, 66, 67, 68, 70, 71, 72, 73, 74, 75, 76, 78, 80, 81, 82, 83, 84, 85, 87, 88, 90, 91, 92, 93, 94, 95, 96, 98, 99, 100, 101, 102, 103, 104, 105, 106, 108, 109, 110, 111, 112, 114, 115, 116, 117, 119, 120, 123, 124, 125, 126, 127, 128, 129, 130, 131]
[1, 2, 3, 4, 5, 6, 7, 8, 9, 11, 13, 14, 15, 16, 17, 18, 19, 20, 21, 22, 23, 25, 26, 27, 28, 30, 32, 33, 34, 36, 38, 40, 42, 43, 44, 45, 47, 48, 49, 51, 52, 53, 54, 58, 60, 61, 62, 63, 64, 65, 66, 68, 70, 73, 74, 76, 77, 78, 79, 80, 82, 83, 84, 85, 87, 88, 89, 90, 91, 92, 94, 95, 96, 97, 98, 99, 100, 101, 105, 107, 108, 109, 110, 113, 114, 115, 116, 117, 119, 120, 122, 123, 124, 125, 126, 127, 128, 129, 130, 131]
[3, 11, 12, 14, 37, 41, 43, 64, 68, 71, 75, 79, 85, 92, 95, 101, 109, 110, 111, 114, 118, 123, 126, 132]
[1, 2, 4, 5, 6, 7, 9, 11, 14, 18, 20, 21, 23, 25, 26, 28, 33, 37, 38, 40, 43, 48, 51, 52, 53, 56, 57, 58, 61, 62, 64, 66, 67, 68, 69, 72, 73, 75, 76, 77, 78, 83, 85, 86, 89, 91, 92, 95, 96, 97, 100, 101, 102, 103, 105, 108, 110, 111, 113, 116, 120, 124, 128, 130, 132]
[20, 26, 30, 46, 50, 57, 62, 68, 72, 78, 81, 86, 104, 105, 109, 117, 127]
[3, 7, 8, 9, 10, 12, 13, 15, 16, 18, 19, 20, 21, 24, 27, 30, 36, 37, 44, 45, 46, 47, 50, 51, 54, 55, 56, 64, 67, 69, 70, 72, 73, 78, 79, 86, 87, 90, 96, 97, 98, 99, 100, 102, 103, 105, 108, 109, 110, 111, 112, 115, 116, 120, 121, 122, 124, 127, 128, 129]
[21, 29, 44, 55, 60, 87, 94, 100, 108, 118, 127]
[1, 4, 6, 8, 9, 10, 11, 12, 15, 17, 18, 20, 21, 24, 25, 26, 27, 28, 32, 34, 37, 38, 44, 45, 47, 49, 54, 56, 57, 60, 70, 72, 74, 75, 78, 80, 82, 83, 84, 87, 88, 91, 92, 96, 99, 102, 105, 106, 107, 111, 112, 113, 114, 117, 118, 121, 123, 124, 126, 130, 131, 132]
[4, 16, 31, 38, 41, 51, 52, 57, 62, 63, 72, 75, 80, 81, 92, 99, 106, 112, 118, 129]
[1, 3, 5, 7, 15, 17, 18, 21, 25, 34, 36, 38, 41, 43, 45, 48, 50, 51, 54, 55, 59, 60, 61, 62, 63, 65, 67, 68, 79, 86, 96, 100, 105, 108, 109, 112, 115, 118, 121, 127, 130, 132]
[2, 5, 7, 9, 11, 17, 18, 19, 24, 28, 30, 32, 34, 36, 37, 40, 46, 47, 49, 51, 53, 59, 61, 66, 68, 76, 80, 82, 85, 90, 96, 98, 105, 107, 113, 114, 119, 121, 122, 125, 126, 127, 129, 132]
[10, 25, 46, 60, 130]
[4, 8, 9, 10, 13, 16, 17, 20, 21, 22, 23, 26, 31, 32, 37, 38, 39, 40, 41, 43, 44, 45, 46, 48, 49, 50, 51, 52, 54, 55, 57, 58, 59, 60, 62, 63, 65, 66, 68, 70, 71, 75, 76, 78, 79, 83, 85, 87, 88, 89, 90, 92, 93, 94, 95, 96, 97, 99, 101, 102, 103, 104, 105, 106, 108, 109, 112, 113, 116, 121, 123, 124, 126, 127, 128, 129, 131, 132]
[1, 2, 7, 8, 16, 18, 22, 23, 24, 25, 27, 28, 29, 30, 35, 41, 44, 47, 49, 50, 51, 52, 54, 55, 56, 57, 58, 59, 61, 62, 63, 64, 65, 67, 69, 70, 71, 75, 77, 78, 79, 80, 82, 83, 85, 86, 87, 90, 91, 100, 102, 106, 107, 108, 110, 112, 113, 116, 117, 119, 120, 121, 122, 126, 127, 129, 130]
[1, 2, 4, 5, 6, 7, 11, 12, 13, 16, 18, 22, 23, 25, 26, 28, 30, 31, 32, 33, 34, 35, 38, 42, 43, 45, 49, 52, 53, 55, 56, 59, 61, 62, 63, 67, 68, 69, 70, 72, 74, 77, 78, 80, 82, 83, 84, 86, 87, 89, 91, 92, 94, 95, 96, 100, 103, 106, 111, 115, 116, 118, 120, 121, 122, 124, 127, 128, 129, 131]
[1, 3, 4, 5, 6, 7, 9, 10, 11, 13, 14, 15, 16, 17, 18, 19, 21, 22, 23, 24, 25, 26, 27, 28, 29, 30, 31, 32, 33, 34, 36, 37, 39, 40, 41, 42, 43, 44, 46, 47, 48, 49, 50, 51, 52, 53, 54, 55, 56, 57, 58, 59, 60, 61, 62, 63, 65, 66, 68, 69, 71, 72, 73, 74, 75, 76, 77, 78, 79, 80, 81, 82, 83, 84, 86, 87, 88, 89, 90, 91, 93, 94, 95, 96, 97, 98, 100, 101, 102, 103, 104, 105, 106, 108, 109, 110, 111, 112, 113, 115, 116, 117, 118, 119, 120, 121, 122, 123, 124, 125, 126, 127, 128, 129, 130, 131, 132]
[5, 7, 11, 28, 37, 41, 43, 51, 53, 57, 61, 65, 72, 74, 75, 76, 100, 105, 106, 112, 113, 117, 124]
[9, 10, 14, 32, 50, 51, 59, 65, 66, 68, 75, 92, 98, 102, 112, 116, 118, 121, 124, 127, 131]
[1, 3, 4, 5, 9, 13, 14, 15, 17, 21, 24, 27, 28, 30, 34, 36, 38, 45, 46, 47, 49, 54, 55, 57, 60, 62, 67, 71, 72, 77, 79, 80, 83, 84, 86, 89, 91, 93, 94, 95, 96, 99, 100, 102, 104, 106, 107, 109, 110, 112, 114, 115, 121, 122, 128, 131]
[1, 2, 4, 7, 8, 10, 12, 13, 14, 17, 18, 19, 20, 21, 22, 23, 24, 25, 26, 27, 28, 30, 31, 33, 35, 36, 37, 38, 39, 40, 41, 42, 43, 44, 45, 46, 48, 49, 50, 51, 53, 54, 55, 56, 57, 59, 60, 61, 62, 63, 64, 66, 67, 70, 71, 72, 73, 74, 75, 76, 77, 78, 79, 80, 82, 83, 84, 85, 86, 87, 88, 89, 90, 91, 92, 95, 96, 97, 99, 100, 101, 102, 103, 104, 105, 106, 107, 108, 109, 110, 111, 112, 113, 114, 115, 116, 117, 118, 119, 120, 121, 122, 123, 125, 126, 128, 129, 130, 131, 132]
[3, 4, 5, 7, 10, 11, 15, 18, 19, 24, 26, 28, 29, 35, 36, 37, 39, 41, 43, 45, 47, 48, 50, 51, 53, 57, 58, 60, 61, 65, 66, 67, 69, 70, 74, 75, 77, 79, 83, 84, 86, 88, 89, 91, 93, 103, 108, 109, 113, 114, 115, 117, 118, 119, 121, 125, 126, 128, 129, 131]
[1, 2, 3, 4, 5, 7, 8, 9, 10, 11, 12, 13, 14, 15, 16, 17, 18, 19, 20, 21, 22, 23, 24, 25, 26, 27, 28, 29, 30, 31, 32, 33, 34, 35, 36, 37, 38, 39, 40, 41, 42, 43, 44, 45, 46, 47, 48, 49, 51, 52, 53, 54, 55, 56, 57, 58, 59, 60, 61, 62, 63, 64, 65, 66, 67, 68, 69, 70, 72, 73, 74, 75, 76, 77, 78, 79, 80, 81, 82, 83, 84, 85, 86, 87, 88, 89, 90, 91, 92, 93, 94, 95, 96, 97, 98, 99, 100, 101, 102, 103, 104, 105, 106, 107, 108, 109, 110, 111, 112, 113, 114, 115, 116, 117, 118, 119, 120, 121, 122, 123, 124, 125, 126, 127, 128, 129, 130, 131, 132]
[2, 3, 8, 10, 22, 24, 29, 31, 34, 51, 57, 64, 72, 73, 78, 82, 89, 90, 96, 97, 98, 106, 115, 117, 120, 123, 129]
[2, 4, 7, 12, 18, 19, 20, 22, 26, 29, 31, 36, 37, 42, 46, 49, 53, 58, 59, 69, 70, 73, 74, 82, 83, 94, 96, 100, 101, 102, 104, 106, 110, 116, 117, 118, 119, 122, 124, 125, 132]
[15, 17, 20, 49, 72, 78, 127]
[1, 3, 4, 7, 8, 10, 18, 19, 27, 29, 32, 33, 34, 37, 38, 39, 43, 44, 45, 50, 59, 64, 65, 67, 68, 70, 71, 72, 74, 79, 81, 82, 84, 86, 90, 94, 98, 101, 110, 112, 115, 122, 124, 126, 127, 130, 132]
[21, 28, 44, 46, 68, 69, 73, 75, 77, 82, 88, 92, 128, 131]
[1, 3, 6, 7, 8, 9, 10, 15, 16, 18, 19, 20, 24, 26, 28, 32, 33, 34, 35, 36, 38, 39, 41, 42, 43, 44, 46, 48, 50, 51, 53, 54, 55, 56, 58, 60, 63, 65, 66, 69, 70, 71, 74, 75, 76, 77, 79, 81, 82, 83, 85, 86, 87, 89, 91, 92, 93, 95, 96, 97, 98, 99, 100, 101, 102, 103, 104, 105, 106, 109, 110, 113, 116, 117, 119, 120, 121, 122, 126, 127, 128, 129, 132]
[1, 2, 3, 4, 5, 6, 7, 8, 9, 10, 11, 12, 13, 14, 15, 16, 17, 18, 19, 20, 21, 22, 23, 24, 25, 26, 27, 28, 29, 31, 32, 33, 34, 35, 36, 37, 38, 39, 40, 41, 42, 43, 44, 45, 46, 47, 48, 49, 50, 51, 52, 53, 54, 55, 56, 57, 58, 59, 60, 61, 62, 63, 64, 65, 66, 67, 68, 69, 70, 71, 72, 73, 74, 75, 76, 77, 78, 79, 80, 81, 82, 83, 84, 85, 86, 87, 88, 89, 90, 91, 92, 93, 94, 95, 96, 97, 98, 99, 100, 101, 102, 103, 104, 105, 106, 107, 108, 109, 110, 111, 112, 113, 114, 115, 116, 117, 118, 119, 120, 121, 122, 123, 124, 125, 126, 127, 128, 129, 130, 131, 132]
[1, 4, 6, 7, 10, 12, 14, 17, 18, 19, 20, 21, 23, 25, 27, 29, 30, 31, 32, 33, 34, 35, 37, 38, 39, 40, 42, 43, 44, 45, 46, 48, 49, 50, 51, 52, 53, 55, 56, 57, 59, 60, 62, 63, 64, 65, 66, 67, 69, 71, 72, 73, 74, 75, 76, 77, 78, 79, 80, 81, 83, 84, 86, 87, 90, 91, 92, 93, 95, 96, 97, 99, 100, 102, 104, 106, 107, 108, 109, 110, 111, 112, 113, 114, 115, 116, 117, 118, 119, 120, 121, 122, 126, 128, 129, 131]
[3, 5, 12, 13, 22, 23, 24, 27, 28, 32, 33, 44, 47, 49, 56, 72, 74, 84, 88, 94, 97, 98, 100, 105, 106, 117, 121, 126, 129]
[1, 4, 5, 6, 8, 14, 17, 29, 38, 40, 41, 49, 60, 64, 71, 77, 80, 81, 86, 87, 92, 97, 99, 103, 105, 121, 124, 130, 131, 132]
[3, 4, 15, 22, 23, 25, 28, 29, 31, 35, 38, 41, 49, 54, 55, 56, 58, 60, 64, 69, 71, 76, 80, 86, 87, 91, 95, 96, 102, 105, 106, 107, 109, 110, 111, 113, 114, 117, 119, 120, 127, 129, 131]
[1, 2, 3, 5, 6, 7, 9, 14, 17, 19, 20, 23, 24, 25, 26, 27, 28, 29, 30, 31, 32, 34, 35, 37, 38, 39, 40, 42, 43, 44, 47, 49, 50, 52, 53, 54, 56, 57, 58, 59, 60, 61, 62, 63, 65, 66, 68, 69, 71, 72, 73, 75, 76, 77, 79, 80, 82, 83, 84, 86, 87, 89, 91, 92, 93, 96, 97, 98, 99, 100, 101, 102, 106, 107, 108, 109, 111, 113, 116, 118, 119, 120, 121, 122, 125, 126, 127, 129, 131, 132]
[4, 11, 14, 15, 26, 45, 46, 51, 74, 76, 79, 87, 102, 109, 115, 128, 131]
[6, 18, 27, 36, 38, 45, 46, 53, 56, 58, 60, 61, 74, 75, 80, 81, 84, 96, 97, 102, 103, 104, 120, 132]
[4, 12, 15, 19, 22, 35, 37, 41, 44, 60, 61, 62, 68, 74, 77, 83, 87, 102, 106, 108, 115, 117, 118, 119, 120, 124, 128, 131]
[5, 26, 38, 47, 59, 94, 112, 117, 125, 126]
[1, 4, 5, 6, 7, 8, 11, 12, 13, 14, 16, 18, 19, 20, 21, 22, 23, 24, 25, 26, 27, 30, 32, 33, 34, 36, 37, 38, 39, 40, 41, 42, 43, 45, 46, 48, 49, 50, 51, 52, 53, 54, 56, 57, 58, 59, 61, 62, 63, 66, 68, 69, 70, 71, 72, 73, 74, 75, 77, 79, 80, 82, 83, 86, 88, 89, 90, 91, 94, 95, 96, 99, 100, 101, 102, 104, 105, 107, 108, 109, 110, 111, 112, 113, 114, 115, 116, 117, 118, 119, 121, 125, 126, 129, 130, 131, 132]
[1, 4, 5, 6, 7, 9, 10, 12, 13, 14, 15, 16, 17, 18, 19, 20, 21, 22, 23, 25, 26, 28, 30, 31, 33, 37, 38, 39, 40, 41, 42, 44, 45, 46, 47, 48, 49, 50, 53, 54, 55, 57, 58, 59, 60, 61, 63, 64, 66, 67, 68, 69, 70, 71, 73, 74, 75, 77, 78, 79, 80, 82, 84, 85, 87, 88, 89, 91, 92, 94, 95, 96, 97, 99, 101, 102, 103, 104, 106, 107, 108, 109, 110, 112, 113, 114, 115, 116, 117, 119, 122, 124, 125, 127, 128, 129, 130]
[2, 3, 4, 6, 7, 9, 10, 12, 16, 17, 18, 19, 21, 23, 24, 26, 28, 30, 32, 34, 35, 37, 39, 41, 43, 44, 45, 47, 48, 49, 50, 51, 52, 53, 54, 56, 57, 59, 60, 61, 63, 64, 66, 67, 68, 69, 71, 72, 75, 76, 78, 79, 80, 81, 83, 88, 89, 90, 91, 93, 94, 95, 96, 98, 100, 101, 102, 106, 109, 111, 114, 115, 116, 117, 120, 122, 125, 128, 130, 131]
[1, 2, 6, 10, 11, 15, 16, 17, 18, 19, 21, 22, 24, 25, 26, 27, 32, 34, 35, 37, 41, 42, 44, 46, 49, 53, 55, 58, 60, 61, 63, 66, 67, 68, 69, 71, 72, 73, 75, 76, 78, 80, 82, 84, 86, 87, 92, 94, 96, 97, 100, 102, 104, 105, 109, 110, 112, 113, 118, 120, 122, 123, 124, 126, 130, 132]
[1, 2, 3, 5, 6, 7, 9, 10, 12, 13, 14, 18, 19, 20, 21, 23, 24, 25, 26, 27, 28, 29, 30, 31, 32, 33, 35, 37, 38, 39, 40, 41, 42, 45, 47, 49, 52, 53, 55, 57, 58, 59, 60, 61, 62, 65, 66, 68, 69, 70, 71, 72, 73, 74, 75, 79, 82, 83, 86, 87, 88, 89, 90, 91, 94, 96, 99, 100, 102, 103, 105, 106, 107, 108, 109, 110, 113, 114, 115, 116, 117, 118, 120, 122, 123, 124, 126, 127, 128, 130, 131, 132]
[12, 19, 77, 81, 86, 115, 124]
[17, 37, 40, 43, 50, 100, 115, 118]
[1, 8, 12, 13, 17, 20, 21, 22, 23, 24, 25, 33, 38, 42, 50, 53, 55, 56, 60, 66, 67, 69, 70, 71, 72, 74, 75, 84, 88, 89, 93, 94, 96, 97, 106, 107, 109, 110, 112, 113, 115, 116, 120, 121, 122, 124, 125, 131]
[1, 2, 6, 8, 10, 11, 13, 15, 16, 21, 22, 24, 25, 27, 28, 29, 30, 32, 33, 35, 37, 43, 44, 45, 48, 52, 55, 56, 59, 60, 61, 65, 68, 72, 74, 76, 77, 78, 80, 81, 82, 86, 91, 92, 93, 95, 99, 100, 102, 103, 106, 107, 108, 111, 112, 115, 116, 117, 120, 121, 124, 125, 126, 127, 129, 130, 131]
[1, 2, 3, 5, 6, 7, 8, 10, 12, 13, 14, 15, 16, 17, 19, 20, 21, 22, 25, 27, 29, 30, 31, 34, 36, 37, 38, 39, 40, 41, 42, 46, 48, 49, 50, 51, 53, 54, 55, 56, 57, 59, 60, 61, 62, 63, 65, 66, 67, 70, 71, 72, 74, 76, 78, 79, 80, 81, 82, 83, 85, 86, 87, 90, 92, 93, 96, 97, 99, 100, 101, 102, 103, 104, 105, 106, 107, 109, 110, 113, 116, 117, 118, 119, 120, 122, 125, 126, 127, 128, 131, 132]
[1, 3, 4, 5, 7, 9, 12, 13, 14, 15, 16, 17, 18, 19, 20, 21, 23, 24, 25, 29, 30, 31, 33, 35, 36, 37, 38, 40, 41, 42, 43, 44, 45, 48, 49, 51, 52, 54, 55, 57, 58, 59, 60, 62, 63, 64, 65, 66, 67, 68, 70, 72, 73, 74, 76, 77, 79, 80, 82, 85, 87, 88, 89, 90, 91, 93, 94, 97, 98, 99, 100, 101, 102, 103, 104, 105, 108, 109, 110, 111, 112, 113, 114, 115, 117, 119, 120, 123, 124, 125, 126, 128, 129, 132]
[1, 2, 3, 4, 5, 6, 7, 8, 10, 11, 12, 13, 14, 15, 16, 17, 18, 19, 20, 22, 23, 24, 25, 26, 28, 29, 30, 31, 32, 33, 34, 35, 36, 37, 38, 39, 40, 41, 42, 43, 44, 45, 47, 49, 50, 51, 52, 53, 54, 55, 56, 57, 58, 59, 60, 61, 62, 63, 64, 65, 66, 67, 68, 69, 70, 71, 72, 73, 74, 75, 76, 77, 78, 79, 80, 81, 82, 84, 85, 86, 87, 88, 89, 90, 91, 92, 93, 94, 95, 96, 97, 99, 100, 101, 102, 103, 104, 105, 106, 107, 108, 109, 110, 111, 112, 113, 114, 115, 116, 117, 118, 120, 121, 122, 123, 126, 127, 129, 130, 131, 132]
[1, 4, 7, 9, 10, 13, 15, 16, 17, 19, 26, 28, 30, 31, 32, 36, 37, 42, 45, 46, 47, 48, 50, 51, 54, 55, 58, 67, 70, 77, 79, 82, 83, 85, 86, 89, 90, 96, 97, 98, 99, 100, 101, 103, 105, 106, 109, 110, 111, 112, 120, 121, 124, 125, 126, 127, 130]
[4, 20, 24, 25, 30, 32, 36, 41, 43, 46, 47, 48, 50, 57, 59, 60, 64, 71, 72, 73, 84, 88, 90, 91, 92, 93, 94, 95, 97, 103, 108, 110, 112, 115, 118, 122, 128, 131]
[1, 2, 5, 6, 7, 8, 9, 10, 11, 12, 13, 15, 16, 17, 18, 19, 21, 22, 24, 25, 26, 28, 29, 30, 31, 32, 33, 34, 35, 37, 39, 41, 42, 43, 44, 45, 46, 47, 48, 49, 50, 51, 53, 54, 55, 56, 57, 59, 60, 61, 62, 63, 64, 66, 67, 68, 69, 71, 72, 73, 74, 75, 76, 77, 79, 81, 82, 84, 85, 86, 87, 88, 89, 90, 91, 92, 93, 95, 96, 97, 98, 99, 100, 101, 103, 104, 105, 106, 107, 108, 109, 110, 111, 112, 114, 115, 116, 117, 118, 119, 120, 121, 123, 124, 126, 128, 130, 131, 132]
[2, 8, 17, 21, 22, 24, 31, 32, 36, 37, 40, 42, 43, 44, 48, 53, 60, 61, 63, 66, 68, 69, 71, 82, 83, 85, 86, 89, 91, 113, 115, 116, 117, 118, 120, 124, 128]
[4, 14, 38, 48, 58, 60, 69, 72, 86, 99, 101, 109, 111, 113, 123, 131]
[11, 18, 35, 36, 41, 45, 49, 51, 55, 82, 89, 99, 101, 107, 118, 123]
[3, 4, 5, 7, 8, 10, 11, 16, 17, 19, 20, 22, 23, 24, 26, 27, 28, 34, 37, 38, 39, 41, 42, 43, 46, 48, 49, 52, 53, 55, 56, 59, 60, 61, 62, 65, 66, 67, 68, 70, 71, 78, 79, 80, 81, 82, 83, 85, 87, 88, 89, 93, 94, 95, 96, 100, 101, 103, 104, 105, 107, 108, 109, 110, 112, 113, 115, 116, 120, 121, 122, 123, 124, 128, 130]
[1, 3, 4, 5, 6, 7, 9, 11, 12, 13, 14, 15, 16, 17, 18, 19, 21, 23, 24, 25, 26, 27, 28, 29, 32, 33, 34, 36, 37, 39, 40, 41, 42, 43, 44, 46, 47, 49, 51, 52, 53, 54, 55, 56, 57, 58, 60, 61, 63, 65, 66, 68, 69, 70, 72, 73, 74, 75, 76, 77, 80, 81, 82, 83, 84, 86, 89, 91, 93, 94, 96, 97, 98, 99, 100, 101, 102, 105, 106, 108, 111, 112, 114, 116, 117, 118, 120, 121, 122, 123, 124, 125, 126, 128, 129, 130, 131]
[3, 7, 16, 19, 21, 24, 25, 27, 29, 31, 32, 36, 37, 40, 42, 43, 44, 45, 47, 48, 49, 54, 59, 61, 63, 64, 66, 68, 69, 73, 76, 77, 78, 80, 81, 83, 84, 85, 86, 88, 89, 93, 94, 96, 97, 99, 100, 104, 105, 106, 108, 110, 111, 112, 113, 115, 118, 119, 123, 125, 127, 132]
[1, 29, 46, 47, 58, 76, 83, 84, 107, 109]
[1, 2, 3, 4, 5, 6, 7, 8, 9, 10, 11, 12, 13, 14, 15, 16, 17, 18, 19, 20, 21, 22, 23, 24, 25, 26, 27, 28, 29, 30, 31, 32, 33, 34, 35, 36, 37, 38, 39, 40, 41, 42, 43, 44, 45, 46, 47, 48, 49, 50, 51, 52, 53, 54, 55, 56, 57, 58, 59, 60, 61, 62, 63, 64, 65, 67, 68, 69, 70, 71, 72, 73, 74, 75, 76, 77, 78, 79, 80, 81, 82, 83, 84, 85, 86, 87, 88, 89, 90, 91, 92, 93, 94, 95, 96, 97, 98, 99, 100, 101, 102, 103, 104, 105, 106, 107, 108, 109, 110, 111, 112, 113, 114, 115, 116, 117, 118, 119, 120, 121, 122, 123, 124, 125, 126, 127, 128, 129, 130, 131, 132]
[1, 2, 4, 7, 9, 13, 15, 20, 21, 25, 26, 29, 34, 37, 38, 40, 43, 44, 46, 47, 51, 55, 57, 61, 62, 63, 64, 65, 67, 71, 73, 75, 77, 79, 80, 81, 83, 86, 87, 90, 97, 99, 102, 103, 105, 106, 108, 110, 111, 113, 114, 115, 117, 121, 123, 125, 126, 130, 131]
[16, 17, 22, 30, 31, 32, 35, 56, 57, 62, 63, 64, 66, 74, 81, 84, 101, 102, 107, 114, 116, 118]
[13, 15, 18, 19, 22, 32, 37, 41, 49, 74, 79, 96, 97, 98, 107, 112, 114, 115, 116, 117]
[1, 3, 4, 5, 6, 8, 9, 12, 13, 14, 15, 17, 18, 19, 20, 21, 22, 23, 24, 25, 26, 28, 30, 32, 33, 34, 36, 37, 39, 41, 42, 43, 47, 48, 49, 50, 51, 52, 54, 55, 57, 58, 59, 61, 62, 64, 65, 66, 67, 68, 70, 71, 72, 73, 74, 76, 77, 79, 80, 81, 82, 84, 85, 86, 87, 88, 90, 92, 93, 94, 95, 96, 97, 98, 99, 100, 101, 102, 103, 104, 105, 106, 107, 108, 109, 110, 112, 113, 115, 116, 117, 118, 119, 121, 123, 124, 125, 127]
[1, 2, 3, 5, 6, 7, 8, 9, 10, 12, 13, 15, 16, 17, 18, 19, 21, 22, 23, 24, 26, 29, 30, 31, 32, 33, 34, 35, 36, 37, 38, 39, 40, 41, 43, 44, 45, 46, 47, 48, 49, 51, 52, 53, 54, 55, 56, 57, 58, 59, 61, 62, 63, 64, 66, 67, 68, 69, 70, 71, 72, 73, 75, 76, 77, 78, 79, 80, 81, 82, 83, 84, 86, 88, 89, 90, 91, 92, 93, 94, 95, 97, 98, 99, 100, 101, 102, 103, 104, 105, 106, 107, 109, 110, 112, 113, 114, 115, 116, 117, 118, 119, 120, 121, 122, 123, 124, 126, 127, 128, 129, 131, 132]
[2, 3, 4, 5, 6, 10, 11, 12, 13, 15, 17, 18, 20, 21, 22, 23, 24, 26, 29, 34, 35, 38, 40, 43, 44, 45, 47, 48, 49, 50, 51, 57, 62, 63, 65, 68, 69, 70, 71, 72, 74, 76, 77, 78, 81, 82, 83, 84, 85, 86, 88, 89, 90, 92, 93, 96, 98, 101, 102, 103, 104, 107, 109, 110, 114, 115, 117, 119, 121, 122, 123, 125, 126, 127, 128, 129, 130, 131, 132]
[3, 4, 6, 7, 8, 9, 10, 12, 13, 16, 17, 20, 21, 22, 24, 26, 27, 28, 30, 31, 32, 36, 37, 39, 41, 42, 45, 47, 48, 49, 53, 56, 63, 66, 67, 74, 75, 76, 78, 79, 80, 82, 83, 84, 86, 87, 91, 93, 98, 101, 106, 107, 108, 109, 110, 111, 112, 114, 115, 116, 119, 121, 125, 127, 131]
[1, 2, 6, 7, 8, 10, 14, 16, 17, 18, 19, 20, 21, 27, 33, 34, 35, 36, 37, 39, 41, 44, 46, 48, 49, 50, 51, 52, 54, 56, 60, 62, 63, 69, 72, 73, 75, 78, 80, 83, 86, 89, 91, 92, 94, 96, 101, 102, 103, 105, 108, 109, 114, 115, 117, 118, 119, 120, 121, 126, 130]
[2, 3, 4, 5, 7, 8, 9, 10, 11, 12, 13, 14, 15, 16, 17, 19, 20, 21, 23, 24, 26, 27, 29, 31, 32, 33, 35, 36, 38, 39, 40, 43, 44, 45, 46, 47, 49, 50, 51, 52, 54, 55, 57, 58, 59, 60, 61, 63, 64, 69, 70, 71, 72, 73, 74, 75, 76, 77, 78, 79, 80, 81, 82, 83, 84, 85, 86, 87, 89, 90, 91, 92, 93, 94, 95, 98, 100, 101, 102, 104, 107, 108, 109, 111, 112, 113, 115, 116, 118, 120, 121, 123, 124, 125, 126, 127, 128, 129, 131, 132]
[6, 7, 8, 11, 14, 16, 27, 37, 39, 41, 47, 52, 53, 54, 65, 73, 74, 75, 87, 95, 100, 102, 104, 106, 107, 109, 111, 113, 115, 117, 119, 120, 125, 129]
[1, 2, 3, 4, 6, 7, 8, 9, 10, 11, 12, 13, 14, 16, 18, 19, 20, 22, 24, 25, 27, 31, 32, 33, 35, 36, 37, 38, 39, 40, 41, 42, 43, 44, 47, 48, 49, 51, 52, 53, 54, 55, 56, 57, 58, 59, 60, 61, 62, 64, 65, 67, 68, 69, 70, 71, 73, 74, 78, 79, 80, 81, 82, 83, 84, 85, 86, 88, 92, 94, 95, 97, 100, 101, 102, 104, 105, 106, 108, 110, 111, 112, 113, 114, 115, 116, 118, 119, 120, 122, 123, 124, 125, 127, 128, 129, 131]
[7, 9, 13, 14, 15, 18, 21, 24, 26, 28, 32, 38, 40, 43, 46, 51, 52, 61, 64, 65, 66, 67, 71, 72, 75, 76, 78, 84, 89, 91, 92, 97, 102, 103, 108, 121, 124, 129]
[28, 36, 76, 88, 90]
[1, 3, 4, 6, 7, 10, 13, 14, 17, 18, 19, 23, 24, 25, 26, 27, 28, 32, 33, 37, 39, 40, 43, 45, 46, 47, 50, 54, 57, 67, 68, 71, 72, 74, 75, 77, 79, 91, 93, 96, 97, 101, 104, 105, 106, 107, 109, 115, 116, 119, 120, 123, 124, 125, 131, 132]
[11, 42, 45, 89, 93, 102, 103]
[2, 3, 4, 5, 6, 7, 8, 9, 10, 11, 12, 13, 14, 15, 16, 17, 18, 19, 21, 22, 23, 24, 25, 26, 28, 29, 30, 31, 32, 33, 34, 35, 36, 37, 38, 39, 43, 44, 45, 48, 49, 51, 52, 53, 54, 56, 57, 58, 60, 61, 63, 64, 65, 66, 67, 69, 70, 71, 72, 73, 74, 75, 76, 77, 79, 80, 81, 83, 84, 85, 86, 87, 88, 89, 90, 92, 93, 94, 95, 96, 97, 99, 100, 101, 102, 103, 104, 106, 107, 108, 110, 111, 112, 115, 118, 119, 122, 123, 126, 127, 128, 129, 130, 131, 132]
[2, 10, 12, 14, 16, 18, 20, 21, 23, 25, 29, 32, 33, 34, 36, 39, 40, 42, 47, 49, 52, 57, 59, 60, 61, 62, 66, 67, 68, 70, 74, 77, 80, 81, 85, 87, 92, 95, 98, 102, 103, 106, 107, 109, 113, 115, 119, 122, 124, 125, 132]
[1, 3, 4, 12, 13, 14, 15, 16, 18, 22, 23, 24, 26, 27, 32, 34, 35, 36, 40, 50, 54, 58, 59, 62, 65, 75, 78, 80, 81, 82, 83, 84, 85, 86, 90, 97, 101, 102, 103, 107, 110, 111, 113, 115, 116, 120, 121, 125, 126, 127, 128, 129, 131]
[2, 5, 6, 7, 8, 9, 14, 15, 17, 19, 20, 21, 22, 25, 26, 28, 33, 34, 39, 41, 42, 45, 47, 54, 58, 60, 61, 62, 63, 65, 66, 67, 68, 69, 70, 72, 73, 74, 75, 76, 84, 85, 87, 88, 89, 91, 93, 94, 97, 98, 101, 102, 104, 106, 108, 110, 113, 115, 116, 117, 118, 119, 120, 122, 123, 124, 125, 126, 127, 129, 130, 131]
[2, 10, 19, 55, 73, 80, 104, 119, 129]
[1, 3, 4, 6, 7, 9, 14, 15, 17, 18, 19, 21, 23, 24, 25, 26, 29, 32, 36, 37, 38, 39, 40, 43, 44, 48, 49, 50, 52, 54, 56, 58, 59, 60, 61, 62, 63, 64, 65, 66, 67, 68, 70, 71, 76, 78, 79, 81, 89, 90, 92, 93, 95, 97, 98, 99, 100, 103, 105, 106, 109, 110, 112, 115, 116, 118, 120, 121, 122, 123, 126, 127, 129, 130, 131]
[1, 2, 3, 5, 8, 9, 10, 11, 12, 13, 15, 16, 17, 18, 19, 20, 21, 22, 24, 25, 26, 27, 28, 29, 31, 32, 33, 34, 35, 36, 37, 38, 40, 41, 43, 46, 47, 48, 49, 50, 51, 52, 53, 54, 55, 56, 57, 58, 59, 60, 61, 62, 63, 64, 66, 67, 69, 71, 73, 74, 75, 76, 77, 78, 80, 81, 83, 84, 85, 87, 88, 89, 90, 91, 93, 94, 95, 96, 98, 99, 100, 101, 102, 103, 104, 105, 106, 107, 109, 111, 113, 114, 115, 116, 117, 119, 120, 122, 123, 124, 125, 126, 127, 129, 130, 131, 132]
[8, 9, 13, 16, 24, 29, 32, 33, 36, 38, 46, 59, 63, 66, 70, 86, 95, 98, 104, 110, 115, 122, 132]
[9, 10, 16, 18, 19, 20, 22, 28, 41, 42, 47, 51, 53, 56, 57, 58, 65, 68, 69, 74, 75, 77, 78, 85, 89, 92, 97, 100, 104, 105, 106, 109, 112, 115, 118, 119, 122, 124, 126, 127, 130, 132]
[12, 24, 32, 37, 50, 89, 92, 111, 119]
[2, 6, 7, 10, 11, 12, 15, 20, 24, 26, 27, 28, 31, 33, 34, 35, 36, 37, 39, 40, 43, 45, 47, 48, 49, 51, 52, 54, 55, 56, 57, 58, 59, 63, 64, 65, 67, 68, 70, 76, 77, 78, 79, 84, 85, 86, 87, 89, 90, 91, 92, 93, 94, 95, 97, 98, 99, 100, 102, 103, 105, 106, 107, 109, 110, 111, 112, 113, 114, 116, 118, 119, 120, 121, 122, 123, 124, 125, 127, 129, 130]
[3, 6, 15, 16, 17, 24, 27, 32, 37, 44, 46, 55, 56, 57, 66, 74, 79, 84, 89, 92, 93, 95, 96, 100, 106, 108, 109, 125, 127, 131]

- - - - - - - - - - - - - - - - - - - - - - - - - - -

[1, 2, 3, 8, 9, 12, 21, 25, 26, 31, 32, 33, 38, 39, 41, 54, 55, 57, 58, 64, 65, 66, 67, 68, 72, 78, 80, 83, 86, 90, 91, 102, 107, 110, 112, 118, 123, 128]
[1, 2, 5, 9, 14, 15, 16, 20, 28, 29, 44, 47, 48, 49, 51, 54, 58, 61, 62, 70, 78, 81, 83, 86, 92, 95, 97, 99, 100, 104, 108, 116, 118, 126, 128]
[32, 77, 79, 114, 116, 127]
[1, 8, 13, 18, 20, 21, 22, 29, 30, 34, 36, 42, 44, 46, 53, 55, 63, 65, 74, 77, 78, 79, 81, 83, 85, 88, 95, 100, 101, 107, 108, 118]
[5, 13, 14, 17, 24, 26, 27, 33, 38, 40, 48, 52, 53, 57, 61, 62, 64, 66, 72, 76, 82, 91, 92, 99, 104, 111, 112, 115, 123]
[3, 5, 11, 12, 15, 17, 25, 26, 28, 29, 33, 35, 39, 45, 46, 50, 53, 65, 66, 67, 69, 70, 73, 93, 94, 97, 98, 99, 101, 106, 107, 109, 114, 125, 127]
[11, 13, 17, 35, 47, 58, 59, 61, 108, 120, 125, 127, 128]
[1, 3, 7, 14, 15, 16, 21, 23, 25, 26, 27, 30, 33, 35, 43, 44, 53, 54, 56, 69, 75, 78, 80, 87, 92, 104, 106, 107, 110, 111, 114, 118, 121, 128, 129, 132]
[6, 8, 9, 21, 44, 54, 56, 58, 59, 62, 96, 104, 107]
[5, 14, 24, 79, 91, 94, 98, 118]
[10, 44, 97]
[23, 32, 77, 125]
[8, 13, 27, 32, 38, 46, 51, 55, 58, 59, 65, 80, 81, 87, 95, 106, 119, 121, 124, 131]
[5, 14, 39, 40, 44, 57, 61, 64, 65, 74, 77, 81, 83, 84, 100, 101, 104]
[25, 36, 82, 109, 130]
[1, 3, 5, 8, 9, 10, 15, 20, 22, 27, 28, 41, 45, 46, 47, 49, 58, 60, 65, 70, 72, 75, 83, 87, 89, 92, 102, 105, 106, 111, 114, 118, 119, 124, 125, 127, 128]
[15, 16, 17, 20, 23, 24, 25, 30, 40, 45, 50, 55, 60, 61, 66, 67, 69, 70, 71, 74, 86, 90, 93, 98, 111, 115, 124]
[3, 26, 31, 34, 44, 51, 54, 56, 58, 69, 73, 75, 76, 93]
[2, 3, 8, 11, 12, 20, 28, 30, 32, 35, 36, 37, 40, 41, 49, 52, 54, 66, 70, 71, 72, 81, 82, 84, 95, 96, 97, 98, 100, 101, 103, 105, 109, 112, 113, 119, 120]
[5, 7, 22, 28, 36, 38, 39, 44, 48, 49, 51, 59, 64, 71, 73, 89, 93, 98, 99, 101, 107, 111, 116, 120, 121, 122, 130]
[5, 8, 13, 16, 18, 25, 27, 28, 34, 36, 37, 43, 45, 49, 53, 58, 64, 70, 71, 74, 75, 80, 82, 87, 88, 91, 94, 96, 97, 99, 100, 101, 106, 108, 110, 111, 112, 114, 116, 118, 119, 121, 123, 126]
[1, 12, 27, 39, 42, 43, 45, 47, 49, 53, 54, 55, 61, 75, 100, 108, 116, 125, 131]
[89]
[15, 21, 37, 57, 78, 83, 86, 94, 99, 101, 115, 119, 132]
[1, 5, 6, 8, 10, 19, 20, 25, 36, 39, 42, 44, 51, 53, 56, 63, 65, 66, 72, 74, 76, 77, 86, 90, 92, 94, 96, 101, 103, 104, 107, 108, 111, 113, 114, 117, 124, 125, 130]
[106]
[6, 24, 30, 32, 52, 55, 67, 72, 76, 95, 96, 103, 105, 109, 110, 116, 118, 123, 124, 127]
[10, 67, 103, 104]
[1, 3, 5, 12, 13, 17, 18, 21, 26, 28, 43, 52, 53, 56, 58, 60, 63, 67, 69, 73, 74, 75, 83, 88, 93, 97, 109, 125, 128, 131]
[5, 10, 13, 16, 17, 19, 21, 32, 33, 35, 41, 42, 44, 49, 52, 54, 58, 64, 65, 66, 69, 73, 77, 78, 79, 81, 82, 83, 88, 91, 94, 97, 101, 108, 109, 110, 111, 121, 127, 128]
[1, 11, 12, 17, 32, 36, 40, 46, 59, 65, 66, 80, 86, 91, 97, 109, 118, 119, 125, 127, 128]
[7, 18, 58, 62, 75, 85, 89, 97, 98, 109, 113, 131]
[12, 98]
[5, 12, 22, 23, 29, 31, 32, 38, 41, 52, 61, 63, 65, 80, 84, 87, 90, 103, 111, 112, 126, 129, 130]
[19, 33, 44, 45, 85, 100, 120]
[5, 6, 13, 14, 17, 19, 23, 25, 27, 33, 38, 39, 46, 49, 54, 55, 58, 61, 62, 67, 75, 77, 83, 85, 88, 91, 93, 100, 105, 108, 110, 112, 116, 118, 124, 127]
[1, 2, 5, 9, 17, 32, 40, 92, 96, 104, 108, 114, 124]
[2, 12, 18, 25, 26, 28, 29, 32, 39, 41, 42, 44, 46, 48, 65, 70, 74, 75, 76, 86, 92, 93, 95, 103, 107, 112, 118, 120, 122, 125, 127]
[9, 15, 31, 33, 36, 39, 43, 60, 63, 65, 81, 83, 87, 92, 93, 96, 97, 117, 120, 122, 123, 124, 132]
[1, 4, 9, 29, 33, 36, 47, 48, 50, 53, 56, 59, 62, 72, 78, 79, 81, 89, 94, 95, 99, 106, 128, 129, 131]
[12, 20, 29, 41, 61, 65, 69, 70, 93, 112, 130]
[1, 3, 9, 25, 51, 58, 63, 68, 82, 92, 104, 111, 125, 126]
[6, 10, 12, 15, 19, 22, 23, 24, 26, 31, 45, 46, 47, 52, 53, 55, 56, 58, 60, 61, 62, 73, 77, 81, 82, 83, 86, 92, 94, 97, 100, 114, 117, 124, 125, 126, 127, 128, 130, 132]
[1, 6, 13, 16, 20, 23, 25, 27, 28, 33, 38, 42, 43, 45, 47, 53, 54, 57, 62, 65, 68, 77, 83, 87, 89, 92, 99, 101, 102, 105, 107, 108, 110, 112, 119, 120, 121, 123, 124, 126, 130, 132]
[21, 24, 38, 54, 56, 65, 69, 72, 74, 82, 95, 104, 107, 115, 121, 132]
[31, 56, 82, 89, 98, 102, 106, 116, 124]
[15, 29, 31, 51, 103, 112]
[6, 7, 10, 16, 25, 40, 42, 47, 48, 55, 56, 59, 66, 68, 69, 71, 74, 89, 90, 91, 96, 97, 99, 104, 106, 110, 119]
[13, 28, 33, 53, 59, 80, 86, 114, 125, 131]
[5, 37, 41, 46, 111]

- - - - - - - - - - - - - - - - - - - - - - - - - - -

[5, 54, 61, 62, 64, 73, 79, 97]
[36, 67, 85, 89, 95, 99]
[7, 12, 29, 43, 44, 45, 47, 65, 89]
[2, 31, 48, 53, 59, 83, 98]
[5, 10, 26, 43, 50, 58, 59, 61, 64, 73, 80]
[10, 30, 69]
[17, 22, 25, 27, 28, 32, 54, 63, 74, 84, 89]
